25 0.26927083333333335 0.04212962962962963 0.015625 0.030555555555555555
17 0.1875 0.04537037037037037 0.015104166666666667 0.023148148148148147
6 0.13307291666666668 0.043055555555555555 0.013020833333333334 0.03425925925925926
27 0.0515625 0.043055555555555555 0.017708333333333333 0.03796296296296296
30 0.050520833333333334 0.09074074074074075 0.017708333333333333 0.03148148148148148
30 0.07994791666666666 0.0912037037037037 0.026041666666666668 0.046296296296296294
15 0.13307291666666668 0.09166666666666666 0.0140625 0.02962962962962963
4 0.07942708333333333 0.1388888888888889 0.028645833333333332 0.04351851851851852
4 0.10494791666666667 0.14074074074074075 0.016666666666666666 0.028703703703703703
26 0.13307291666666668 0.1412037037037037 0.0140625 0.026851851851851852
4 0.16015625 0.14074074074074075 0.015625 0.026851851851851852
4 0.18802083333333333 0.14027777777777778 0.014583333333333334 0.027777777777777776
22 0.05 0.18796296296296297 0.009375 0.023148148148148147
5 0.07786458333333333 0.18796296296296297 0.014583333333333334 0.03148148148148148
41 0.215625 0.18564814814814815 0.011979166666666667 0.021296296296296296
41 0.10598958333333333 0.23472222222222222 0.0109375 0.023148148148148147
4 0.24166666666666667 0.13935185185185187 0.01875 0.026851851851851852
26 0.27057291666666666 0.14027777777777778 0.0140625 0.025
26 0.21484375 0.1375 0.013541666666666667 0.03148148148148148
35 0.5260416666666666 0.825462962962963 0.0171875 0.030555555555555555
35 0.2 0.8796296296296297 0.027083333333333334 0.037037037037037035
24 0.5828125 0.9041666666666667 0.025 0.037037037037037035
24 0.60859375 0.8935185185185185 0.019270833333333334 0.030555555555555555
24 0.6263020833333334 0.8981481481481481 0.021875 0.030555555555555555
24 0.6544270833333333 0.9097222222222222 0.0296875 0.03888888888888889
24 0.6875 0.9060185185185186 0.024479166666666666 0.03981481481481482
24 0.7169270833333333 0.9083333333333333 0.027604166666666666 0.044444444444444446
24 0.7513020833333334 0.9013888888888889 0.03229166666666667 0.03981481481481482
24 0.7947916666666667 0.9060185185185186 0.0390625 0.04351851851851852
24 0.8372395833333334 0.9064814814814814 0.027083333333333334 0.053703703703703705
32 0.5416666666666666 0.7444444444444445 0.011979166666666667 0.2796296296296296
31 0.0234375 0.19074074074074074 0.026041666666666668 0.04814814814814815
7 0.9604166666666667 0.5087962962962963 0.016145833333333335 0.020370370370370372
21 0.9596354166666666 0.5564814814814815 0.015104166666666667 0.020370370370370372
42 0.02578125 0.45787037037037037 0.015104166666666667 0.01574074074074074