0 0.4895833333333333 0.5055555555555555 0.027083333333333334 0.032407407407407406
9 0.21458333333333332 0.044444444444444446 0.013541666666666667 0.024074074074074074
7 0.9604166666666667 0.5092592592592593 0.014583333333333334 0.017592592592592594
21 0.9596354166666666 0.5564814814814815 0.013541666666666667 0.020370370370370372
12 0.026041666666666668 0.6055555555555555 0.01875 0.027777777777777776
22 0.16067708333333333 0.08888888888888889 0.0078125 0.022222222222222223
2 0.31484375 0.12268518518518519 0.0078125 0.021296296296296296
2 0.31484375 0.18981481481481483 0.005729166666666666 0.024074074074074074
4 0.13307291666666668 0.14027777777777778 0.017708333333333333 0.025925925925925925
4 0.15963541666666667 0.13703703703703704 0.018229166666666668 0.024074074074074074
4 0.21458333333333332 0.13796296296296295 0.016145833333333335 0.025925925925925925
4 0.2421875 0.1412037037037037 0.015625 0.027777777777777776
4 0.023697916666666666 0.18888888888888888 0.016145833333333335 0.025925925925925925
26 0.18776041666666668 0.13842592592592592 0.009895833333333333 0.017592592592592594
26 0.26953125 0.13657407407407407 0.009375 0.018518518518518517
26 0.051041666666666666 0.1865740740740741 0.0125 0.020370370370370372
8 0.24192708333333332 0.23425925925925925 0.016145833333333335 0.03148148148148148