13 0.6294270833333333 0.31157407407407406 0.0796875 0.12685185185185185
14 0.12109375 0.5333333333333333 0.028645833333333332 0.041666666666666664
1 0.09817708333333333 0.5393518518518519 0.024479166666666666 0.020370370370370372
42 0.049479166666666664 0.5569444444444445 0.024479166666666666 0.03425925925925926
8 0.17317708333333334 0.5347222222222222 0.018229166666666668 0.03888888888888889
43 0.5091145833333334 0.5023148148148148 0.01875 0.046296296296296294
9 0.21484375 0.041666666666666664 0.013020833333333334 0.021296296296296296
7 0.9598958333333333 0.5083333333333333 0.014583333333333334 0.021296296296296296
21 0.9598958333333333 0.5578703703703703 0.013541666666666667 0.022222222222222223
3 0.07786458333333333 0.04259259259259259 0.018229166666666668 0.03148148148148148
42 0.025 0.6569444444444444 0.015104166666666667 0.017592592592592594
22 0.15989583333333332 0.09027777777777778 0.007291666666666667 0.023148148148148147
37 0.39401041666666664 0.5226851851851851 0.0140625 0.028703703703703703