12 0.5877604166666667 0.42268518518518516 0.022395833333333334 0.046296296296296294
9 0.21588541666666666 0.04259259259259259 0.015104166666666667 0.023148148148148147
22 0.16119791666666666 0.08935185185185185 0.009895833333333333 0.022222222222222223
41 0.07916666666666666 0.23333333333333334 0.0125 0.022222222222222223
41 0.13333333333333333 0.2337962962962963 0.014583333333333334 0.021296296296296296
7 0.9598958333333333 0.5078703703703704 0.0171875 0.020370370370370372
21 0.9598958333333333 0.5574074074074075 0.015625 0.020370370370370372
22 0.5346354166666667 0.4935185185185185 0.011458333333333333 0.028703703703703703
1 0.14661458333333333 0.5236111111111111 0.0171875 0.019444444444444445
14 0.16744791666666667 0.5166666666666667 0.027604166666666666 0.03333333333333333
42 0.09661458333333334 0.5407407407407407 0.0203125 0.023148148148148147
12 0.18802083333333333 0.2361111111111111 0.021875 0.018518518518518517
43 0.11536458333333334 0.5212962962962963 0.018229166666666668 0.05
43 0.048177083333333336 0.5180555555555556 0.018229166666666668 0.05185185185185185