12 0.3619791666666667 0.37175925925925923 0.029166666666666667 0.037037037037037035
22 0.51875 0.5069444444444444 0.018229166666666668 0.044444444444444446
12 0.1875 0.23842592592592593 0.027604166666666666 0.053703703703703705
9 0.21458333333333332 0.04259259259259259 0.015104166666666667 0.023148148148148147
22 0.1609375 0.08935185185185185 0.010416666666666666 0.022222222222222223
41 0.13385416666666666 0.23425925925925925 0.014583333333333334 0.020370370370370372
41 0.078125 0.2337962962962963 0.013541666666666667 0.025
7 0.96015625 0.5083333333333333 0.014583333333333334 0.020370370370370372
21 0.96015625 0.5569444444444445 0.0140625 0.023148148148148147
43 0.12057291666666667 0.5152777777777777 0.0171875 0.049074074074074076
8 0.24192708333333332 0.2351851851851852 0.017708333333333333 0.025925925925925925