40 0.4544270833333333 0.3 0.115625 0.07222222222222222
40 0.4375 0.22916666666666666 0.15989583333333332 0.06666666666666667
40 0.44088541666666664 0.16064814814814815 0.1578125 0.07685185185185185
40 0.4278645833333333 0.027777777777777776 0.15989583333333332 0.05555555555555555
40 0.4395833333333333 0.8425925925925926 0.13802083333333334 0.05277777777777778
42 0.5153645833333333 0.575 0.0125 0.03518518518518519
14 0.5020833333333333 0.45231481481481484 0.027083333333333334 0.046296296296296294
8 0.5052083333333334 0.3527777777777778 0.022395833333333334 0.044444444444444446
8 0.3502604166666667 0.9592592592592593 0.019791666666666666 0.03888888888888889
8 0.3216145833333333 0.9106481481481481 0.019791666666666666 0.037037037037037035
4 0.296875 0.9958333333333333 0.015625 0.008333333333333333
4 0.29609375 0.9606481481481481 0.0171875 0.032407407407407406
26 0.2950520833333333 0.9111111111111111 0.0140625 0.032407407407407406
9 0.24348958333333334 0.9976851851851852 0.018229166666666668 0.004629629629629629
32 0.2421875 0.9574074074074074 0.020833333333333332 0.032407407407407406
25 0.2421875 0.9097222222222222 0.0171875 0.02962962962962963