22 0.34817708333333336 0.49398148148148147 0.010416666666666666 0.025
9 0.21510416666666668 0.041666666666666664 0.011979166666666667 0.024074074074074074
22 0.16145833333333334 0.08888888888888889 0.009375 0.024074074074074074
41 0.10520833333333333 0.23333333333333334 0.015625 0.022222222222222223
7 0.9604166666666667 0.5092592592592593 0.018229166666666668 0.023148148148148147
21 0.9606770833333333 0.5578703703703703 0.016666666666666666 0.021296296296296296
1 0.5114583333333333 0.5097222222222222 0.016145833333333335 0.024074074074074074
2 0.026041666666666668 0.5069444444444444 0.009375 0.026851851851851852
12 0.18802083333333333 0.23425925925925925 0.017708333333333333 0.025925925925925925
3 0.07916666666666666 0.04212962962962963 0.015625 0.028703703703703703
8 0.5885416666666666 0.5064814814814815 0.022395833333333334 0.028703703703703703