39 0.23229166666666667 0.5402777777777777 0.013541666666666667 0.032407407407407406
39 0.14765625 0.5416666666666666 0.014583333333333334 0.026851851851851852
39 0.05520833333333333 0.5287037037037037 0.016666666666666666 0.037037037037037035
39 0.30390625 0.512962962962963 0.018229166666666668 0.03148148148148148
39 0.74609375 0.49722222222222223 0.016145833333333335 0.037037037037037035
1 0.40963541666666664 0.5148148148148148 0.021354166666666667 0.024074074074074074
8 0.4265625 0.5097222222222222 0.028125 0.03425925925925926
14 0.3734375 0.5074074074074074 0.030208333333333334 0.044444444444444446
42 0.3932291666666667 0.5148148148148148 0.0171875 0.025925925925925925
40 0.18072916666666666 0.4537037037037037 0.04583333333333333 0.2074074074074074
40 0.45625 0.42685185185185187 0.05625 0.20185185185185187
40 0.5864583333333333 0.4476851851851852 0.059375 0.22314814814814815
40 0.6786458333333333 0.4273148148148148 0.04791666666666667 0.18611111111111112
40 0.8619791666666666 0.43425925925925923 0.0296875 0.1925925925925926
40 0.9002604166666667 0.42916666666666664 0.03802083333333333 0.1824074074074074
40 0.9322916666666666 0.4305555555555556 0.041666666666666664 0.18518518518518517
39 0.9067708333333333 0.44907407407407407 0.021875 0.030555555555555555