10 0.5338541666666666 0.4648148148148148 0.013020833333333334 0.017592592592592594
29 0.07005208333333333 0.41898148148148145 0.0125 0.027777777777777776
29 0.19505208333333332 0.3125 0.013541666666666667 0.030555555555555555
29 0.22083333333333333 0.3138888888888889 0.011979166666666667 0.02962962962962963
29 0.6453125 0.12175925925925926 0.015625 0.032407407407407406
29 0.7614583333333333 0.09166666666666666 0.01875 0.027777777777777776
10 0.4765625 0.5222222222222223 0.021875 0.06666666666666667
10 0.5369791666666667 0.5064814814814815 0.015625 0.037037037037037035
10 0.47552083333333334 0.5773148148148148 0.01875 0.03796296296296296
10 0.5166666666666667 0.612037037037037 0.025 0.012962962962962963
10 0.5455729166666666 0.5412037037037037 0.011979166666666667 0.028703703703703703
10 0.49296875 0.6328703703703704 0.0171875 0.019444444444444445