39 0.3026041666666667 0.5703703703703704 0.019791666666666666 0.025925925925925925
39 0.08411458333333334 0.8208333333333333 0.022395833333333334 0.027777777777777776
12 0.4239583333333333 0.5462962962962963 0.033854166666666664 0.06481481481481481
9 0.21458333333333332 0.04490740740740741 0.014583333333333334 0.023148148148148147
22 0.16041666666666668 0.08981481481481482 0.009375 0.023148148148148147
7 0.9598958333333333 0.5101851851851852 0.016145833333333335 0.023148148148148147
21 0.9604166666666667 0.5569444444444445 0.0125 0.023148148148148147
2 0.3151041666666667 0.12222222222222222 0.007291666666666667 0.025
3 0.07864583333333333 0.04259259259259259 0.016145833333333335 0.025925925925925925
2 0.026302083333333334 0.6037037037037037 0.0078125 0.03333333333333333
2 0.05520833333333333 0.5949074074074074 0.004166666666666667 0.020370370370370372
2 0.02578125 0.6583333333333333 0.007291666666666667 0.030555555555555555
2 0.02578125 0.7055555555555556 0.0078125 0.028703703703703703
4 0.13255208333333332 0.13935185185185187 0.016145833333333335 0.026851851851851852
4 0.16119791666666666 0.1388888888888889 0.015104166666666667 0.023148148148148147
4 0.21458333333333332 0.14027777777777778 0.016145833333333335 0.025925925925925925
4 0.24114583333333334 0.13796296296296295 0.0203125 0.025925925925925925
15 0.13307291666666668 0.08981481481481482 0.0109375 0.019444444444444445
26 0.27057291666666666 0.13842592592592592 0.009895833333333333 0.019444444444444445
26 0.18880208333333334 0.1412037037037037 0.011979166666666667 0.020370370370370372
26 0.049479166666666664 0.1865740740740741 0.010416666666666666 0.020370370370370372
4 0.0234375 0.18888888888888888 0.016666666666666666 0.023148148148148147