40 0.36276041666666664 0.3458333333333333 0.0453125 0.24074074074074073
40 0.32421875 0.3125 0.0375 0.31666666666666665
40 0.5057291666666667 0.42916666666666664 0.044270833333333336 0.2222222222222222
4 0.10546875 0.09351851851851851 0.019791666666666666 0.03518518518518519
38 0.024739583333333332 0.03935185185185185 0.018229166666666668 0.041666666666666664
27 0.05130208333333333 0.03796296296296296 0.0171875 0.03888888888888889
6 0.07734375 0.041666666666666664 0.0171875 0.03425925925925926
3 0.13333333333333333 0.04259259259259259 0.018229166666666668 0.03888888888888889
34 0.16015625 0.038425925925925926 0.014583333333333334 0.037037037037037035
20 0.21484375 0.040740740740740744 0.019791666666666666 0.03518518518518519
32 0.24166666666666667 0.043055555555555555 0.021875 0.04351851851851852
25 0.26953125 0.04259259259259259 0.014583333333333334 0.03888888888888889
15 0.2708333333333333 0.2337962962962963 0.0171875 0.03518518518518519
7 0.959375 0.5083333333333333 0.0140625 0.017592592592592594
19 0.9598958333333333 0.4601851851851852 0.013541666666666667 0.019444444444444445
21 0.9598958333333333 0.5569444444444445 0.013541666666666667 0.022222222222222223