10 0.46510416666666665 0.40185185185185185 0.010416666666666666 0.019444444444444445
10 0.4739583333333333 0.4009259259259259 0.007291666666666667 0.021296296296296296
10 0.48151041666666666 0.4115740740740741 0.009895833333333333 0.017592592592592594
10 0.4825520833333333 0.42962962962962964 0.0109375 0.018518518518518517
10 0.47265625 0.4185185185185185 0.009375 0.012037037037037037
10 0.4734375 0.43148148148148147 0.009895833333333333 0.013888888888888888
10 0.46458333333333335 0.4185185185185185 0.008854166666666666 0.012962962962962963
10 0.4640625 0.4310185185185185 0.011458333333333333 0.013888888888888888
5 0.1875 0.044444444444444446 0.013020833333333334 0.025
41 0.07890625 0.23425925925925925 0.014583333333333334 0.024074074074074074
3 0.024739583333333332 0.7555555555555555 0.018229166666666668 0.016666666666666666