8 0.39088397790055246 0.9298245614035088 0.09116022099447514 0.14035087719298245
8 0.39640883977900554 0.7192982456140351 0.08011049723756906 0.2982456140350877
8 0.39640883977900554 0.40789473684210525 0.08287292817679558 0.30701754385964913
8 0.39779005524861877 0.12719298245614036 0.08287292817679558 0.2543859649122807
8 0.5013812154696132 0.12280701754385964 0.0856353591160221 0.24561403508771928
8 0.600828729281768 0.12280701754385964 0.09116022099447514 0.24561403508771928
8 0.4972375690607735 0.3991228070175439 0.08839779005524862 0.2894736842105263
8 0.5 0.7192982456140351 0.08011049723756906 0.2894736842105263
8 0.4986187845303867 0.9342105263157895 0.0856353591160221 0.13157894736842105
8 0.6022099447513812 0.9385964912280702 0.08839779005524862 0.12280701754385964
8 0.6035911602209945 0.7192982456140351 0.08839779005524862 0.2894736842105263
8 0.600828729281768 0.40350877192982454 0.09116022099447514 0.30701754385964913