10 0.655982905982906 0.08888888888888889 0.07264957264957266 0.17777777777777778
10 0.655982905982906 0.28888888888888886 0.07264957264957266 0.17777777777777778
10 0.6581196581196581 0.4888888888888889 0.06837606837606838 0.15555555555555556
10 0.6581196581196581 0.6722222222222223 0.06837606837606838 0.16666666666666666
10 0.655982905982906 0.8888888888888888 0.07264957264957266 0.16666666666666666
10 0.42735042735042733 0.8888888888888888 0.07692307692307693 0.16666666666666666
10 0.42735042735042733 0.6888888888888889 0.07692307692307693 0.17777777777777778
10 0.42735042735042733 0.49444444444444446 0.07692307692307693 0.15555555555555556
10 0.42735042735042733 0.28888888888888886 0.07692307692307693 0.2
10 0.42735042735042733 0.09444444444444444 0.07692307692307693 0.18888888888888888
10 0.34615384615384615 0.09444444444444444 0.07692307692307693 0.18888888888888888
10 0.3482905982905983 0.28888888888888886 0.07692307692307693 0.2
10 0.3482905982905983 0.4888888888888889 0.05982905982905983 0.2
10 0.34615384615384615 0.7 0.06837606837606838 0.18888888888888888
10 0.3504273504273504 0.8944444444444445 0.0641025641025641 0.2
10 0.5811965811965812 0.8944444444444445 0.07264957264957266 0.2
10 0.5064102564102564 0.8888888888888888 0.0811965811965812 0.18888888888888888
10 0.5042735042735043 0.6888888888888889 0.07692307692307693 0.2
10 0.5811965811965812 0.6888888888888889 0.07264957264957266 0.2
10 0.5811965811965812 0.48333333333333334 0.07264957264957266 0.2
10 0.5042735042735043 0.48333333333333334 0.08547008547008547 0.2
10 0.5042735042735043 0.29444444444444445 0.0811965811965812 0.17777777777777778
10 0.5811965811965812 0.28888888888888886 0.07692307692307693 0.15555555555555556
10 0.5811965811965812 0.08888888888888889 0.07692307692307693 0.17777777777777778
10 0.5021367521367521 0.07777777777777778 0.07264957264957266 0.15555555555555556