29 0.1590909090909091 0.02389937106918239 0.21818181818181817 0.03647798742138365
29 0.4909090909090909 0.02389937106918239 0.23636363636363636 0.03522012578616352
29 0.7909090909090909 0.023270440251572325 0.2545454545454545 0.03773584905660377
29 0.16363636363636364 0.06918238993710692 0.2636363636363636 0.04025157232704402
29 0.4909090909090909 0.06918238993710692 0.2545454545454545 0.03522012578616352
29 0.8045454545454546 0.06918238993710692 0.22727272727272727 0.03773584905660377
29 0.7954545454545454 0.11446540880503145 0.2 0.03773584905660377
29 0.4909090909090909 0.11509433962264151 0.2727272727272727 0.03647798742138365
29 0.16363636363636364 0.11509433962264151 0.23636363636363636 0.0389937106918239
29 0.17272727272727273 0.1591194968553459 0.23636363636363636 0.03522012578616352
29 0.4909090909090909 0.16163522012578616 0.2545454545454545 0.03522012578616352
29 0.7954545454545454 0.16163522012578616 0.2545454545454545 0.03647798742138365