33 0.038461538461538464 0.09444444444444444 0.06837606837606838 0.18888888888888888
33 0.1111111111111111 0.11666666666666667 0.0811965811965812 0.15555555555555556
33 0.18803418803418803 0.1111111111111111 0.07692307692307693 0.15555555555555556
33 0.2670940170940171 0.1111111111111111 0.07264957264957266 0.15555555555555556
33 0.3333333333333333 0.09444444444444444 0.0641025641025641 0.18888888888888888
33 0.4166666666666667 0.08888888888888889 0.04700854700854701 0.17777777777777778
33 0.49145299145299143 0.08888888888888889 0.05982905982905983 0.17777777777777778
33 0.5705128205128205 0.08888888888888889 0.05555555555555555 0.17777777777777778
33 0.6474358974358975 0.08888888888888889 0.05555555555555555 0.17777777777777778
33 0.7243589743589743 0.07777777777777778 0.07264957264957266 0.15555555555555556
33 0.8055555555555556 0.09444444444444444 0.07692307692307693 0.18888888888888888
33 0.8803418803418803 0.09444444444444444 0.07264957264957266 0.18888888888888888
33 0.9594017094017094 0.08888888888888889 0.07264957264957266 0.17777777777777778
33 0.9572649572649573 0.2777777777777778 0.07264957264957266 0.17777777777777778
33 0.8824786324786325 0.2833333333333333 0.07692307692307693 0.18888888888888888
33 0.8055555555555556 0.2833333333333333 0.07692307692307693 0.18888888888888888
33 0.7264957264957265 0.2777777777777778 0.07264957264957266 0.17777777777777778
33 0.6517094017094017 0.28888888888888886 0.07692307692307693 0.18888888888888888
33 0.5726495726495726 0.28888888888888886 0.07264957264957266 0.18888888888888888
33 0.4935897435897436 0.28888888888888886 0.07692307692307693 0.18888888888888888
33 0.4188034188034188 0.28888888888888886 0.04700854700854701 0.2
33 0.4188034188034188 0.49444444444444446 0.04700854700854701 0.2
33 0.4935897435897436 0.4888888888888889 0.0811965811965812 0.2
33 0.5726495726495726 0.48333333333333334 0.07264957264957266 0.2
33 0.6495726495726496 0.4888888888888889 0.07692307692307693 0.18888888888888888
33 0.7264957264957265 0.4777777777777778 0.07264957264957266 0.18888888888888888
33 0.8034188034188035 0.4888888888888889 0.07692307692307693 0.2
33 0.8824786324786325 0.4888888888888889 0.07692307692307693 0.2
33 0.9572649572649573 0.4777777777777778 0.07264957264957266 0.16666666666666666
33 0.8803418803418803 0.6777777777777778 0.05982905982905983 0.17777777777777778
33 0.8034188034188035 0.6777777777777778 0.05982905982905983 0.16666666666666666
33 0.7286324786324786 0.6777777777777778 0.05982905982905983 0.16666666666666666
33 0.6517094017094017 0.6777777777777778 0.042735042735042736 0.16666666666666666
33 0.5747863247863247 0.6888888888888889 0.05982905982905983 0.18888888888888888
33 0.5 0.6888888888888889 0.05555555555555555 0.2
33 0.6495726495726496 0.9166666666666666 0.0811965811965812 0.12222222222222222
33 0.5726495726495726 0.9111111111111111 0.07692307692307693 0.12222222222222222
33 0.49572649572649574 0.9111111111111111 0.07692307692307693 0.1111111111111111
33 0.4188034188034188 0.8888888888888888 0.07692307692307693 0.2
33 0.344017094017094 0.8888888888888888 0.07264957264957266 0.18888888888888888
33 0.26495726495726496 0.8833333333333333 0.07264957264957266 0.18888888888888888
33 0.1858974358974359 0.8888888888888888 0.07264957264957266 0.18888888888888888
33 0.1111111111111111 0.8833333333333333 0.06837606837606838 0.18888888888888888
33 0.03632478632478633 0.8888888888888888 0.07264957264957266 0.2
33 0.03418803418803419 0.6888888888888889 0.06837606837606838 0.18888888888888888
33 0.10897435897435898 0.6888888888888889 0.07692307692307693 0.2
33 0.18803418803418803 0.6888888888888889 0.07692307692307693 0.2
33 0.26495726495726496 0.6888888888888889 0.07264957264957266 0.2111111111111111
33 0.3418803418803419 0.6833333333333333 0.07264957264957266 0.2
33 0.4188034188034188 0.6888888888888889 0.07264957264957266 0.18888888888888888
33 0.33547008547008544 0.4888888888888889 0.0641025641025641 0.2
33 0.33547008547008544 0.28888888888888886 0.0641025641025641 0.18888888888888888
33 0.26495726495726496 0.29444444444444445 0.07692307692307693 0.18888888888888888
33 0.26495726495726496 0.48333333333333334 0.07264957264957266 0.17777777777777778
33 0.18803418803418803 0.4777777777777778 0.07692307692307693 0.16666666666666666
33 0.11324786324786325 0.48333333333333334 0.07264957264957266 0.17777777777777778
33 0.038461538461538464 0.4888888888888889 0.06837606837606838 0.18888888888888888
33 0.038461538461538464 0.28888888888888886 0.06837606837606838 0.2
33 0.1111111111111111 0.2833333333333333 0.07264957264957266 0.18888888888888888
33 0.18803418803418803 0.28888888888888886 0.07692307692307693 0.2