33 0.655982905982906 0.07222222222222222 0.07264957264957266 0.14444444444444443
33 0.6581196581196581 0.2833333333333333 0.06837606837606838 0.12222222222222222
33 0.6581196581196581 0.4777777777777778 0.06837606837606838 0.15555555555555556
33 0.6581196581196581 0.6833333333333333 0.06837606837606838 0.14444444444444443
33 0.6581196581196581 0.8833333333333333 0.06837606837606838 0.14444444444444443
33 0.5811965811965812 0.8944444444444445 0.07264957264957266 0.2
33 0.5811965811965812 0.6888888888888889 0.07264957264957266 0.18888888888888888
33 0.5811965811965812 0.48333333333333334 0.07264957264957266 0.2
33 0.5811965811965812 0.28888888888888886 0.07692307692307693 0.12222222222222222
33 0.5021367521367521 0.28888888888888886 0.07692307692307693 0.12222222222222222
33 0.5042735042735043 0.48333333333333334 0.07692307692307693 0.2111111111111111
33 0.5064102564102564 0.6888888888888889 0.07692307692307693 0.18888888888888888
33 0.5042735042735043 0.8888888888888888 0.07264957264957266 0.2
33 0.43162393162393164 0.8944444444444445 0.0641025641025641 0.1111111111111111
33 0.42735042735042733 0.6944444444444444 0.07264957264957266 0.15555555555555556
33 0.42735042735042733 0.5 0.07692307692307693 0.14444444444444443
33 0.33974358974358976 0.8888888888888888 0.04700854700854701 0.2111111111111111
33 0.3418803418803419 0.6888888888888889 0.04700854700854701 0.2
33 0.3418803418803419 0.4888888888888889 0.042735042735042736 0.2
33 0.3504273504273504 0.28888888888888886 0.07692307692307693 0.2
33 0.3504273504273504 0.09444444444444444 0.07264957264957266 0.18888888888888888
33 0.42735042735042733 0.08888888888888889 0.07692307692307693 0.17777777777777778
33 0.42735042735042733 0.28888888888888886 0.07264957264957266 0.18888888888888888
33 0.5042735042735043 0.07777777777777778 0.07692307692307693 0.15555555555555556
33 0.5790598290598291 0.07777777777777778 0.07264957264957266 0.15555555555555556