3 0.2513020833333333 0.46805555555555556 0.044270833333333336 0.14351851851851852
3 0.9818255208333333 0.33645833333333336 0.028536458333333313 0.24430555555555558
0 0.9797864583333333 0.4720740740740741 0.03959374999999999 0.033129629629629655
3 0.7088541666666667 0.4111111111111111 0.035416666666666666 0.1388888888888889
3 0.13177083333333334 0.41435185185185186 0.035416666666666666 0.27870370370370373
3 0.7786458333333334 0.42268518518518516 0.034375 0.14537037037037037
0 0.7931588541666666 0.4969166666666666 0.06696354166666675 0.033129629629629606
0 0.453390625 0.5321157407407408 0.2061354166666667 0.0393425925925926
0 0.5928489583333334 0.5181388888888888 0.07045833333333344 0.0382962962962962
1 0.879859375 0.03086111111111111 0.013906249999999905 0.027777777777777776
1 0.8520833333333333 0.02962962962962963 0.013906249999999905 0.027777777777777776
1 0.8930572916666666 0.028398148148148148 0.013906249999999905 0.027777777777777776
0 0.8951197916666666 0.49681481481481476 0.12767708333333327 0.05277777777777778
0 0.04898437499999999 0.5621342592592593 0.08792708333333334 0.03726851851851852
0 0.10488541666666666 0.5719722222222222 0.023875000000000018 0.02174074074074076
0 0.16078645833333335 0.5621342592592593 0.08909374999999999 0.03519444444444444
0 0.2778255208333333 0.548162037037037 0.14382812500000003 0.038305555555555454
0 0.6423463541666667 0.5036481481481481 0.025036458333333417 0.04244444444444437
0 0.7078541666666667 0.4870833333333333 0.10132291666666665 0.03829629629629626
1 0.8674479166666667 0.028703703703703703 0.016145833333333335 0.025925925925925925
1 0.8380208333333333 0.027777777777777776 0.016666666666666666 0.027777777777777776
3 0.23046875 0.4564814814814815 0.04635416666666667 0.16666666666666666
3 0.8033854166666666 0.36342592592592593 0.0296875 0.2564814814814815
3 0.5760416666666667 0.45046296296296295 0.01875 0.11944444444444445
3 0.2828125 0.43194444444444446 0.036458333333333336 0.22685185185185186
3 0.21432291666666667 0.4305555555555556 0.0390625 0.22962962962962963
3 0.6104166666666667 0.4023148148148148 0.035416666666666666 0.23055555555555557
3 0.6705729166666666 0.40185185185185185 0.03802083333333333 0.15555555555555556
3 0.03463541666666667 0.47129629629629627 0.04114583333333333 0.16111111111111112
3 0.7395833333333334 0.3773148148148148 0.03333333333333333 0.2064814814814815