1 0.8380208333333333 0.028703703703703703 0.0171875 0.027777777777777776
1 0.853125 0.027314814814814816 0.013541666666666667 0.026851851851851852
1 0.8661458333333333 0.03009259259259259 0.013541666666666667 0.030555555555555555
1 0.8799479166666667 0.03009259259259259 0.014583333333333334 0.032407407407407406
1 0.89453125 0.03148148148148148 0.015625 0.03148148148148148
5 0.3723958333333333 0.5532407407407407 0.06927083333333334 0.15
5 0.4276041666666667 0.6564814814814814 0.09479166666666666 0.11296296296296296
5 0.6294270833333333 0.5541666666666667 0.08333333333333333 0.09537037037037037
5 0.5572916666666666 0.6837962962962963 0.05364583333333333 0.09259259259259259
5 0.78046875 0.8324074074074074 0.04010416666666667 0.13425925925925927
5 0.49609375 0.2833333333333333 0.0375 0.1527777777777778
2 0.2674479166666667 0.5347222222222222 0.13385416666666666 0.044444444444444446