1 0.8380208333333333 0.028703703703703703 0.0171875 0.027777777777777776
1 0.853125 0.027314814814814816 0.013541666666666667 0.026851851851851852
1 0.8661458333333333 0.03009259259259259 0.013541666666666667 0.030555555555555555
1 0.8799479166666667 0.03009259259259259 0.014583333333333334 0.032407407407407406
1 0.89453125 0.03148148148148148 0.015625 0.03148148148148148
5 0.37552083333333336 0.5578703703703703 0.0703125 0.13148148148148148
5 0.4283854166666667 0.675 0.09479166666666666 0.11851851851851852
5 0.6471354166666666 0.5462962962962963 0.07395833333333333 0.10185185185185185
5 0.49921875 0.2675925925925926 0.036458333333333336 0.12222222222222222
5 0.7182291666666667 0.7 0.058333333333333334 0.08518518518518518
5 0.7890625 0.8495370370370371 0.05572916666666667 0.125
5 0.5669270833333333 0.6898148148148148 0.0796875 0.12037037037037036
5 0.48880208333333336 0.5439814814814815 0.043229166666666666 0.053703703703703705