1 0.8380208333333333 0.028703703703703703 0.0171875 0.027777777777777776
1 0.8661458333333333 0.03009259259259259 0.013541666666666667 0.030555555555555555
1 0.89453125 0.03148148148148148 0.015625 0.03148148148148148
0 0.20651041666666667 0.5671296296296297 0.034895833333333334 0.06944444444444445
0 0.4278645833333333 0.5625 0.12864583333333332 0.08148148148148149
0 0.80546875 0.5995370370370371 0.07135416666666666 0.11574074074074074
0 0.29453125 0.5916666666666667 0.14270833333333333 0.03981481481481482
0 0.5515625 0.5398148148148149 0.11614583333333334 0.04722222222222222
0 0.7377604166666667 0.5662037037037037 0.06927083333333334 0.041666666666666664
0 0.8580729166666666 0.687037037037037 0.04010416666666667 0.06388888888888888
0 0.9333333333333333 0.8592592592592593 0.04739583333333333 0.08703703703703704
3 0.027864583333333335 0.44583333333333336 0.0328125 0.2037037037037037
3 0.19739583333333333 0.4546296296296296 0.027083333333333334 0.18703703703703703
3 0.49166666666666664 0.3851851851851852 0.027083333333333334 0.27314814814814814
3 0.5346354166666667 0.4050925925925926 0.036458333333333336 0.2611111111111111
3 0.6723958333333333 0.41759259259259257 0.0375 0.26666666666666666
3 0.6424479166666667 0.4652777777777778 0.026041666666666668 0.1648148148148148
3 0.72578125 0.47685185185185186 0.0328125 0.15462962962962962
3 0.7708333333333334 0.42962962962962964 0.041666666666666664 0.22962962962962963