0 0.5461822916666667 0.5197546296296296 0.03125 0.041972222222222154
0 0.6940963541666666 0.5135787037037036 0.07014062500000004 0.02715740740740734
0 0.7940989583333333 0.5043240740740741 0.12708333333333333 0.03333333333333333
0 0.8732630208333333 0.4888888888888889 0.0381927083333333 0.02962962962962963
1 0.892359375 0.02962962962962963 0.013906249999999905 0.027777777777777776
3 0.03046875 0.4310185185185185 0.030729166666666665 0.2712962962962963
3 0.15130208333333334 0.48333333333333334 0.044270833333333336 0.14444444444444443
3 0.57109375 0.4152777777777778 0.03802083333333333 0.16018518518518518
0 0.056945312500000005 0.5746898148148148 0.09860937499999999 0.035805555555555625
0 0.17604166666666668 0.5685185185185185 0.13819791666666661 0.045685185185185107
0 0.3489583333333333 0.5555555555555556 0.2048645833333333 0.041981481481481404
0 0.49305729166666673 0.5506157407407407 0.08750000000000006 0.07160185185185178
0 0.6079869791666667 0.5086435185185184 0.10485937499999996 0.03456481481481475
3 0.6424479166666667 0.39305555555555555 0.03177083333333333 0.20833333333333334
1 0.8791666666666667 0.02962962962962963 0.013906249999999905 0.027777777777777776
1 0.8666666666666667 0.02962962962962963 0.013906249999999905 0.027777777777777776
1 0.8527760416666667 0.02962962962962963 0.013906249999999905 0.027777777777777776
1 0.8375 0.028398148148148148 0.013906249999999905 0.027777777777777776
3 0.18151041666666667 0.4462962962962963 0.0359375 0.22592592592592592
3 0.6091145833333333 0.425 0.034895833333333334 0.13518518518518519
3 0.68046875 0.43796296296296294 0.034895833333333334 0.14629629629629629
3 0.11354166666666667 0.44722222222222224 0.03958333333333333 0.22407407407407406
3 0.8721354166666667 0.4111111111111111 0.0171875 0.14444444444444443
3 0.7088541666666667 0.3763888888888889 0.03125 0.2638888888888889