1 0.8944427083333333 0.03086111111111111 0.013906249999999905 0.027777777777777776
1 0.8388906249999999 0.028398148148148148 0.013906249999999905 0.027777777777777776
1 0.8520833333333333 0.02962962962962963 0.013906249999999905 0.027777777777777776
1 0.8652760416666666 0.03086111111111111 0.013906249999999905 0.027777777777777776
1 0.8805572916666666 0.03086111111111111 0.013906249999999905 0.027777777777777776
0 0.7377604166666667 0.5342592592592592 0.13802083333333334 0.053703703703703705
3 0.6200520833333333 0.4689814814814815 0.0359375 0.14351851851851852
3 0.090625 0.5087962962962963 0.04375 0.1398148148148148
3 0.5815104166666667 0.4217592592592593 0.0359375 0.2175925925925926
3 0.05260416666666667 0.4708333333333333 0.03229166666666667 0.22685185185185186
3 0.8630208333333333 0.42824074074074076 0.027083333333333334 0.19722222222222222
3 0.8096354166666667 0.38055555555555554 0.0328125 0.27037037037037037
3 0.12135416666666667 0.4777777777777778 0.034375 0.21481481481481482
3 0.6466145833333333 0.40694444444444444 0.033854166666666664 0.25833333333333336
3 0.5471354166666667 0.4537037037037037 0.03697916666666667 0.1388888888888889
3 0.5140625 0.4351851851851852 0.026041666666666668 0.14074074074074075
0 0.8642369791666666 0.5246944444444444 0.057640625000000036 0.037037037037037035
0 0.8142369791666667 0.5148148148148148 0.0381927083333333 0.027166666666666592
0 0.6392343749999999 0.5444444444444444 0.07708333333333334 0.03950000000000008
0 0.5465286458333334 0.5321018518518518 0.10694270833333329 0.037037037037037035
0 0.48472135416666673 0.5469120370370371 0.02639062500000004 0.04691666666666673
0 0.4329869791666667 0.5648148148148148 0.07847395833333337 0.045685185185185107
0 0.28854166666666664 0.5888888888888889 0.21180208333333336 0.05679629629629622
0 0.13402604166666668 0.5975324074074073 0.1 0.049379629629629565