1 0.8380208333333333 0.028703703703703703 0.0171875 0.027777777777777776
1 0.853125 0.027314814814814816 0.013541666666666667 0.026851851851851852
1 0.8661458333333333 0.03009259259259259 0.013541666666666667 0.030555555555555555
1 0.8799479166666667 0.03009259259259259 0.014583333333333334 0.032407407407407406
1 0.89453125 0.03148148148148148 0.015625 0.03148148148148148
5 0.5369791666666667 0.5171296296296296 0.033854166666666664 0.12037037037037036
5 0.5255208333333333 0.10787037037037037 0.09791666666666667 0.10462962962962963
5 0.4296875 0.1699074074074074 0.0796875 0.10833333333333334
5 0.36666666666666664 0.06944444444444445 0.071875 0.1111111111111111
5 0.3846354166666667 0.2638888888888889 0.05572916666666667 0.08055555555555556
5 0.42135416666666664 0.37037037037037035 0.06666666666666667 0.06481481481481481
5 0.31953125 0.5912037037037037 0.0640625 0.1638888888888889
5 0.14401041666666667 0.41435185185185186 0.024479166666666666 0.1712962962962963
5 0.23567708333333334 0.38333333333333336 0.0703125 0.08518518518518518
5 0.17265625 0.2972222222222222 0.03802083333333333 0.06296296296296296
5 0.20651041666666667 0.4708333333333333 0.052083333333333336 0.06481481481481481
5 0.4044270833333333 0.6967592592592593 0.06770833333333333 0.0787037037037037
5 0.4981770833333333 0.4527777777777778 0.03125 0.0787037037037037
2 0.421875 0.5138888888888888 0.14583333333333334 0.03981481481481482