1 0.8652760416666666 0.028398148148148148 0.013906249999999905 0.027777777777777776
1 0.8381927083333333 0.02962962962962963 0.013906249999999905 0.027777777777777776
3 0.5776041666666667 0.42083333333333334 0.036458333333333336 0.2175925925925926
3 0.5424479166666667 0.45185185185185184 0.03697916666666667 0.1425925925925926
3 0.8052083333333333 0.37824074074074077 0.035416666666666666 0.2601851851851852
1 0.89375 0.03086111111111111 0.013906249999999905 0.027777777777777776
0 0.7346354166666667 0.5333333333333333 0.1359375 0.05185185185185185
3 0.6161458333333333 0.4689814814814815 0.036458333333333336 0.14166666666666666
0 0.8621536458333333 0.5253101851851851 0.059026041666666626 0.03826851851851845
0 0.8131953125 0.5166666666666667 0.036109374999999964 0.028388888888888963
0 0.63125 0.5456805555555556 0.075 0.04691666666666673
0 0.5472213541666666 0.5333333333333333 0.10694270833333329 0.037037037037037035
1 0.8805572916666666 0.03086111111111111 0.013906249999999905 0.027777777777777776
0 0.48472135416666673 0.5444444444444444 0.02639062500000004 0.04690740740740748
0 0.4354166666666667 0.5654305555555555 0.07846875000000005 0.045675925925925856
1 0.8527760416666667 0.03086111111111111 0.013906249999999905 0.027777777777777776
3 0.0859375 0.5097222222222222 0.04479166666666667 0.1361111111111111
3 0.6434895833333333 0.4064814814814815 0.0328125 0.2574074074074074
3 0.046875 0.47314814814814815 0.028125 0.22777777777777777
3 0.12109375 0.475 0.0328125 0.22592592592592592
0 0.28854166666666664 0.5888888888888889 0.21180208333333336 0.05679629629629622
3 0.859375 0.42268518518518516 0.025 0.20833333333333334
0 0.13402604166666668 0.5975324074074073 0.1 0.049379629629629565