1 0.8380208333333333 0.028703703703703703 0.0171875 0.027777777777777776
1 0.853125 0.027314814814814816 0.013541666666666667 0.026851851851851852
1 0.8661458333333333 0.03009259259259259 0.013541666666666667 0.030555555555555555
1 0.8799479166666667 0.03009259259259259 0.014583333333333334 0.032407407407407406
1 0.89453125 0.03148148148148148 0.015625 0.03148148148148148
2 0.37161458333333336 0.5546296296296296 0.058854166666666666 0.13148148148148148
2 0.42890625 0.6620370370370371 0.0765625 0.10462962962962963
2 0.45755208333333336 0.5069444444444444 0.024479166666666666 0.044444444444444446
2 0.5356770833333333 0.6722222222222223 0.0140625 0.06666666666666667
2 0.6966145833333334 0.6898148148148148 0.04583333333333333 0.10462962962962963
2 0.57734375 0.6504629629629629 0.046875 0.08796296296296297