1 0.8380208333333333 0.028703703703703703 0.0171875 0.027777777777777776
1 0.853125 0.027314814814814816 0.013541666666666667 0.026851851851851852
1 0.8661458333333333 0.03009259259259259 0.013541666666666667 0.030555555555555555
1 0.8799479166666667 0.03009259259259259 0.014583333333333334 0.032407407407407406
1 0.89453125 0.03148148148148148 0.015625 0.03148148148148148
0 0.5096354166666667 0.5416666666666666 0.14739583333333334 0.05277777777777778
0 0.24817708333333333 0.5430555555555555 0.15625 0.030555555555555555
0 0.06979166666666667 0.5518518518518518 0.058333333333333334 0.03888888888888889
0 0.7005208333333334 0.537962962962963 0.14739583333333334 0.044444444444444446
0 0.8611979166666667 0.5587962962962963 0.0609375 0.037037037037037035
0 0.38255208333333335 0.55 0.11145833333333334 0.04351851851851852
0 0.1328125 0.5555555555555556 0.078125 0.032407407407407406
0 0.60390625 0.5226851851851851 0.04895833333333333 0.028703703703703703
0 0.803125 0.5398148148148149 0.059375 0.05185185185185185
6 0.3028645833333333 0.4412037037037037 0.034895833333333334 0.19722222222222222
6 0.49166666666666664 0.45694444444444443 0.027083333333333334 0.14166666666666666
6 0.74140625 0.37592592592592594 0.03802083333333333 0.29814814814814816
6 0.67109375 0.4351851851851852 0.034895833333333334 0.16666666666666666
6 0.7825520833333334 0.42916666666666664 0.027083333333333334 0.19444444444444445
6 0.87890625 0.4759259259259259 0.027083333333333334 0.1527777777777778