3 0.67109375 0.4351851851851852 0.034895833333333334 0.16666666666666666
3 0.3028645833333333 0.4412037037037037 0.034895833333333334 0.19722222222222222
3 0.49166666666666664 0.45694444444444443 0.027083333333333334 0.14166666666666666
3 0.74140625 0.37592592592592594 0.03802083333333333 0.29814814814814816
3 0.8791666666666667 0.47638888888888886 0.027083333333333334 0.1527777777777778
3 0.34296875 0.40370370370370373 0.0328125 0.2851851851851852
0 0.803125 0.5398148148148149 0.059375 0.05185185185185185
0 0.6041666666666666 0.5226851851851851 0.04895833333333333 0.028703703703703703
3 0.6341145833333334 0.3768518518518518 0.0296875 0.2814814814814815
0 0.1328125 0.5560185185185185 0.078125 0.032407407407407406
3 0.5989583333333334 0.3814814814814815 0.030208333333333334 0.2574074074074074
3 0.8080729166666667 0.4236111111111111 0.0265625 0.21944444444444444
0 0.8611979166666667 0.5592592592592592 0.0609375 0.037037037037037035
0 0.06979166666666667 0.5518518518518518 0.058333333333333334 0.03888888888888889
0 0.2484375 0.5430555555555555 0.15625 0.030555555555555555
0 0.5096354166666667 0.5421296296296296 0.14739583333333334 0.05277777777777778
1 0.8947916666666667 0.03148148148148148 0.015625 0.03148148148148148
1 0.8802083333333334 0.03009259259259259 0.014583333333333334 0.032407407407407406
1 0.853125 0.027314814814814816 0.013541666666666667 0.026851851851851852
3 0.7746614583333333 0.4317037037037037 0.027083333333333334 0.19444444444444445