3 0.8375 0.4759259259259259 0.04583333333333333 0.1648148148148148
3 0.5494791666666666 0.3851851851851852 0.036458333333333336 0.22407407407407406
3 0.68828125 0.37824074074074077 0.033854166666666664 0.30833333333333335
3 0.44296875 0.44907407407407407 0.027604166666666666 0.14814814814814814
3 0.6239583333333333 0.4361111111111111 0.030208333333333334 0.1685185185185185
3 0.7671875 0.425 0.035416666666666666 0.22037037037037038
0 0.32109375 0.5481481481481482 0.1390625 0.027777777777777776
3 0.25338541666666664 0.43148148148148147 0.033854166666666664 0.20185185185185187
1 0.8661458333333333 0.03009259259259259 0.013541666666666667 0.030555555555555555
0 0.18515625 0.549074074074074 0.13697916666666668 0.04814814814814815
0 0.4552083333333333 0.5319444444444444 0.13125 0.032407407407407406
1 0.8947916666666667 0.03148148148148148 0.015625 0.03148148148148148
0 0.6473958333333333 0.538425925925926 0.16770833333333332 0.058333333333333334
0 0.8239583333333333 0.5564814814814815 0.078125 0.03888888888888889
0 0.7578125 0.5449074074074074 0.057291666666666664 0.025
1 0.83828125 0.028703703703703703 0.0171875 0.027777777777777776
0 0.0765625 0.5574074074074075 0.07291666666666667 0.027777777777777776
3 0.7253697916666667 0.42856481481481484 0.030208333333333334 0.19907407407407407
3 0.5875 0.3699074074074074 0.0375 0.2916666666666667