1 0.8380208333333333 0.028703703703703703 0.0171875 0.027777777777777776
1 0.8661458333333333 0.03009259259259259 0.013541666666666667 0.030555555555555555
1 0.89453125 0.03148148148148148 0.015625 0.03148148148148148
0 0.18489583333333334 0.5486111111111112 0.13697916666666668 0.04814814814814815
0 0.4552083333333333 0.5314814814814814 0.13125 0.032407407407407406
0 0.6471354166666666 0.538425925925926 0.16770833333333332 0.058333333333333334
0 0.8236979166666667 0.5564814814814815 0.078125 0.03888888888888889
0 0.7578125 0.5449074074074074 0.057291666666666664 0.025
0 0.07630208333333334 0.5569444444444445 0.07291666666666667 0.027777777777777776
0 0.32109375 0.5476851851851852 0.1390625 0.027777777777777776
3 0.253125 0.43148148148148147 0.033854166666666664 0.20185185185185187
3 0.4427083333333333 0.44907407407407407 0.027604166666666666 0.14814814814814814
3 0.5494791666666666 0.3851851851851852 0.036458333333333336 0.22407407407407406
3 0.8372395833333334 0.4759259259259259 0.04583333333333333 0.1648148148148148
3 0.6236979166666666 0.4361111111111111 0.030208333333333334 0.1685185185185185
3 0.6880208333333333 0.37824074074074077 0.033854166666666664 0.30833333333333335
3 0.5872395833333334 0.36944444444444446 0.0375 0.2916666666666667
3 0.721875 0.425 0.030208333333333334 0.19907407407407407
3 0.7669270833333334 0.425 0.035416666666666666 0.22037037037037038