3 0.16953125 0.43796296296296294 0.0296875 0.1962962962962963
0 0.46536458333333336 0.513425925925926 0.03802083333333333 0.032407407407407406
0 0.85234375 0.5467592592592593 0.08072916666666667 0.05277777777777778
1 0.83828125 0.028703703703703703 0.0171875 0.027777777777777776
0 0.17265625 0.5402777777777777 0.27447916666666666 0.025
0 0.37916666666666665 0.5310185185185186 0.13645833333333332 0.03425925925925926
3 0.6442708333333333 0.4287037037037037 0.0375 0.19814814814814816
3 0.6822916666666666 0.42407407407407405 0.03229166666666667 0.21666666666666667
0 0.75859375 0.5587962962962963 0.10677083333333333 0.030555555555555555
3 0.5059895833333333 0.38287037037037036 0.0265625 0.2824074074074074
3 0.87265625 0.46111111111111114 0.0453125 0.14074074074074075
3 0.8325520833333333 0.4310185185185185 0.027604166666666666 0.19722222222222222
3 0.7559895833333333 0.4703703703703704 0.027604166666666666 0.15555555555555556
3 0.6122395833333333 0.37592592592592594 0.0296875 0.31296296296296294
0 0.5682291666666667 0.5277777777777778 0.16770833333333332 0.027777777777777776
3 0.5447916666666667 0.43425925925925923 0.042708333333333334 0.18703703703703703
3 0.35703125 0.4597222222222222 0.0328125 0.15092592592592594