1 0.8380208333333333 0.028703703703703703 0.0171875 0.027777777777777776
1 0.853125 0.027314814814814816 0.013541666666666667 0.026851851851851852
1 0.8661458333333333 0.03009259259259259 0.013541666666666667 0.030555555555555555
1 0.8799479166666667 0.03009259259259259 0.014583333333333334 0.032407407407407406
1 0.89453125 0.03148148148148148 0.015625 0.03148148148148148
0 0.17265625 0.5402777777777777 0.27447916666666666 0.025
0 0.37890625 0.5310185185185186 0.13645833333333332 0.03425925925925926
0 0.46536458333333336 0.512962962962963 0.03802083333333333 0.032407407407407406
0 0.5682291666666667 0.5277777777777778 0.16770833333333332 0.027777777777777776
0 0.6765625 0.5449074074074074 0.051041666666666666 0.027777777777777776
0 0.7583333333333333 0.5587962962962963 0.10677083333333333 0.030555555555555555
0 0.8520833333333333 0.5462962962962963 0.08072916666666667 0.05277777777777778
6 0.16927083333333334 0.4375 0.0296875 0.1962962962962963
6 0.3567708333333333 0.4597222222222222 0.0328125 0.15092592592592594
6 0.5447916666666667 0.43425925925925923 0.042708333333333334 0.18703703703703703
6 0.6119791666666666 0.37592592592592594 0.0296875 0.31296296296296294
6 0.7559895833333333 0.4699074074074074 0.027604166666666666 0.15555555555555556
6 0.8325520833333333 0.4305555555555556 0.027604166666666666 0.19722222222222222
6 0.8723958333333334 0.46064814814814814 0.0453125 0.14074074074074075