1 0.8947916666666667 0.03148148148148148 0.015625 0.03148148148148148
3 0.8729166666666667 0.425 0.030208333333333334 0.16666666666666666
3 0.8127604166666667 0.45925925925925926 0.0453125 0.14629629629629629
3 0.7713541666666667 0.42685185185185187 0.03229166666666667 0.22407407407407406
3 0.6880208333333333 0.4777777777777778 0.027083333333333334 0.15
3 0.61796875 0.43194444444444446 0.043229166666666666 0.225
3 0.5427083333333333 0.38101851851851853 0.03125 0.28425925925925927
3 0.48515625 0.44212962962962965 0.034895833333333334 0.1712962962962963
3 0.40651041666666665 0.38796296296296295 0.034895833333333334 0.24814814814814815
3 0.4432291666666667 0.37824074074074077 0.030208333333333334 0.29907407407407405
3 0.18567708333333333 0.4064814814814815 0.0390625 0.26851851851851855
3 0.14453125 0.4041666666666667 0.0234375 0.2657407407407407
3 0.10208333333333333 0.43194444444444446 0.030208333333333334 0.18796296296296297
0 0.87734375 0.5175925925925926 0.030729166666666665 0.037037037037037035
0 0.7424479166666667 0.5611111111111111 0.044270833333333336 0.03333333333333333
0 0.81328125 0.5324074074074074 0.10052083333333334 0.03333333333333333
0 0.6127604166666667 0.5537037037037037 0.0609375 0.044444444444444446
0 0.5020833333333333 0.5430555555555555 0.18333333333333332 0.05277777777777778
0 0.3997395833333333 0.5212962962962963 0.044270833333333336 0.044444444444444446
0 0.30807291666666664 0.5375 0.1390625 0.04351851851851852
3 0.2955729166666667 0.45 0.0328125 0.14814814814814814
1 0.8661458333333333 0.03009259259259259 0.013541666666666667 0.030555555555555555
3 0.5782916666666668 0.42704166666666665 0.028531250000000105 0.18530555555555556
1 0.853125 0.027314814814814816 0.013541666666666667 0.026851851851851852
1 0.83828125 0.028703703703703703 0.0171875 0.027777777777777776