1 0.8380208333333333 0.028703703703703703 0.0171875 0.027777777777777776
1 0.853125 0.027314814814814816 0.013541666666666667 0.026851851851851852
1 0.8661458333333333 0.03009259259259259 0.013541666666666667 0.030555555555555555
1 0.8799479166666667 0.03009259259259259 0.014583333333333334 0.032407407407407406
1 0.89453125 0.03148148148148148 0.015625 0.03148148148148148
0 0.14375 0.5430555555555555 0.20729166666666668 0.03425925925925926
0 0.30807291666666664 0.5370370370370371 0.1390625 0.04351851851851852
0 0.3997395833333333 0.5208333333333334 0.044270833333333336 0.044444444444444446
0 0.5020833333333333 0.5430555555555555 0.18333333333333332 0.05277777777777778
0 0.6127604166666667 0.5532407407407407 0.0609375 0.044444444444444446
0 0.6752604166666667 0.5611111111111111 0.09895833333333333 0.02962962962962963
0 0.81328125 0.5319444444444444 0.10052083333333334 0.03333333333333333
0 0.7421875 0.5606481481481481 0.044270833333333336 0.03333333333333333
0 0.87734375 0.5175925925925926 0.030729166666666665 0.037037037037037035
6 0.10208333333333333 0.43194444444444446 0.030208333333333334 0.18796296296296297
6 0.14453125 0.4041666666666667 0.0234375 0.2657407407407407
6 0.18541666666666667 0.4060185185185185 0.0390625 0.26851851851851855
6 0.4432291666666667 0.37824074074074077 0.030208333333333334 0.29907407407407405
6 0.40625 0.38796296296296295 0.034895833333333334 0.24814814814814815
6 0.48515625 0.44212962962962965 0.034895833333333334 0.1712962962962963
6 0.5424479166666667 0.38101851851851853 0.03125 0.28425925925925927
6 0.5864583333333333 0.4273148148148148 0.028645833333333332 0.19166666666666668
6 0.61796875 0.43194444444444446 0.043229166666666666 0.225
6 0.6880208333333333 0.4777777777777778 0.027083333333333334 0.15
6 0.7713541666666667 0.42685185185185187 0.03229166666666667 0.22407407407407406
6 0.8125 0.45925925925925926 0.0453125 0.14629629629629629
6 0.8729166666666667 0.42453703703703705 0.030208333333333334 0.16666666666666666