1 0.8380208333333333 0.028703703703703703 0.0171875 0.027777777777777776
1 0.853125 0.027314814814814816 0.013541666666666667 0.026851851851851852
1 0.8661458333333333 0.03009259259259259 0.013541666666666667 0.030555555555555555
1 0.8799479166666667 0.03009259259259259 0.014583333333333334 0.032407407407407406
1 0.89453125 0.03148148148148148 0.015625 0.03148148148148148
0 0.08333333333333333 0.5407407407407407 0.0796875 0.025925925925925925
0 0.14791666666666667 0.5601851851851852 0.059895833333333336 0.018518518518518517
0 0.2638020833333333 0.5546296296296296 0.16666666666666666 0.10648148148148148
0 0.3997395833333333 0.5472222222222223 0.07552083333333333 0.041666666666666664
0 0.5291666666666667 0.5314814814814814 0.19166666666666668 0.03888888888888889
0 0.7713541666666667 0.5231481481481481 0.13802083333333334 0.049074074074074076
0 0.6651041666666667 0.5296296296296297 0.08125 0.03148148148148148
0 0.8671875 0.5050925925925925 0.0546875 0.04537037037037037
6 0.7546875 0.45046296296296295 0.019791666666666666 0.1361111111111111