0 0.2640625 0.5550925925925926 0.16666666666666666 0.10648148148148148
0 0.3997395833333333 0.5476851851851852 0.07552083333333333 0.041666666666666664
0 0.5291666666666667 0.5314814814814814 0.19166666666666668 0.03888888888888889
1 0.853125 0.027314814814814816 0.013541666666666667 0.026851851851851852
1 0.8802083333333334 0.03009259259259259 0.014583333333333334 0.032407407407407406
0 0.7716145833333333 0.5236111111111111 0.13802083333333334 0.049074074074074076
0 0.6651041666666667 0.5296296296296297 0.08125 0.03148148148148148
0 0.8674479166666667 0.5050925925925925 0.0546875 0.04537037037037037
3 0.7546875 0.45046296296296295 0.019791666666666666 0.1361111111111111
1 0.8947916666666667 0.03148148148148148 0.015625 0.03148148148148148
0 0.08359375 0.5407407407407407 0.0796875 0.025925925925925925