1 0.83828125 0.026851851851851852 0.016145833333333335 0.027777777777777776
3 0.5294270833333333 0.42268518518518516 0.0390625 0.2175925925925926
3 0.56875 0.4685185185185185 0.036458333333333336 0.1425925925925926
3 0.7638020833333333 0.38055555555555554 0.0390625 0.26481481481481484
3 0.85390625 0.43333333333333335 0.0328125 0.19074074074074074
3 0.8111979166666666 0.37916666666666665 0.0296875 0.2916666666666667
3 0.4934895833333333 0.4513888888888889 0.034895833333333334 0.14907407407407408
3 0.03854166666666667 0.5074074074074074 0.041666666666666664 0.1388888888888889
3 0.59765625 0.4083333333333333 0.034895833333333334 0.26481481481481484
3 0.009635416666666667 0.4699074074074074 0.0171875 0.21944444444444444
3 0.07526041666666666 0.475462962962963 0.028645833333333332 0.22314814814814815
0 0.68828125 0.5342592592592592 0.1359375 0.053703703703703705
0 0.8388880208333334 0.5277777777777778 0.10972395833333337 0.04320370370370378
0 0.7649322916666667 0.5178981481481482 0.035416666666666666 0.040740740740740744
0 0.5961796874999999 0.5475324074074074 0.05347395833333337 0.03826851851851845
0 0.4940989583333334 0.5376527777777778 0.10208333333333339 0.045675925925925856
0 0.4315963541666667 0.5493842592592593 0.028473958333333372 0.03950925925925933
0 0.38055729166666663 0.5641990740740741 0.07083333333333333 0.04691666666666673
0 0.240625 0.5746944444444444 0.2076354166666667 0.040740740740740744
0 0.11389062499999998 0.5907407407407408 0.045833333333333316 0.035796296296296375
1 0.89375 0.03086111111111111 0.013906249999999905 0.027777777777777776
1 0.879859375 0.03086111111111111 0.013906249999999905 0.027777777777777776
1 0.8659739583333332 0.02962962962962963 0.013906249999999905 0.027777777777777776
1 0.8527760416666667 0.027157407407407404 0.013906249999999905 0.027777777777777776