1 0.8380208333333333 0.028703703703703703 0.0171875 0.027777777777777776
1 0.853125 0.027314814814814816 0.013541666666666667 0.026851851851851852
1 0.8661458333333333 0.03009259259259259 0.013541666666666667 0.030555555555555555
1 0.8799479166666667 0.03009259259259259 0.014583333333333334 0.032407407407407406
1 0.89453125 0.03148148148148148 0.015625 0.03148148148148148
5 0.55078125 0.42916666666666664 0.016666666666666666 0.08333333333333333
5 0.39453125 0.8208333333333333 0.0703125 0.08333333333333333
5 0.2859375 0.7490740740740741 0.051041666666666666 0.06944444444444445
5 0.3190104166666667 0.8694444444444445 0.0390625 0.1037037037037037
5 0.09973958333333334 0.7314814814814815 0.041666666666666664 0.1111111111111111
5 0.15182291666666667 0.5462962962962963 0.041666666666666664 0.12037037037037036
5 0.15703125 0.8023148148148148 0.07135416666666666 0.0712962962962963
5 0.2643229166666667 0.9412037037037037 0.033854166666666664 0.05277777777777778
5 0.7721354166666666 0.9444444444444444 0.040625 0.10185185185185185