1 0.8380208333333333 0.028703703703703703 0.0171875 0.027777777777777776
1 0.853125 0.027314814814814816 0.013541666666666667 0.026851851851851852
1 0.8661458333333333 0.03009259259259259 0.013541666666666667 0.030555555555555555
2 0.55078125 0.42916666666666664 0.016666666666666666 0.08333333333333333
2 0.39453125 0.8208333333333333 0.0703125 0.08333333333333333
2 0.2859375 0.7490740740740741 0.051041666666666666 0.06944444444444445
2 0.3190104166666667 0.8694444444444445 0.0390625 0.1037037037037037
2 0.09973958333333334 0.7314814814814815 0.041666666666666664 0.1111111111111111
2 0.2643229166666667 0.9412037037037037 0.033854166666666664 0.05277777777777778
0 0.09427083333333333 0.35648148148148145 0.103125 0.0712962962962963
0 0.022135416666666668 0.31157407407407406 0.044270833333333336 0.037037037037037035
0 0.043229166666666666 0.9467592592592593 0.08645833333333333 0.10462962962962963
0 0.6848958333333334 0.9629629629629629 0.1109375 0.07407407407407407