1 0.8380208333333333 0.028703703703703703 0.0171875 0.027777777777777776
1 0.853125 0.027314814814814816 0.013541666666666667 0.026851851851851852
1 0.8661458333333333 0.03009259259259259 0.013541666666666667 0.030555555555555555
1 0.8799479166666667 0.03009259259259259 0.014583333333333334 0.032407407407407406
1 0.89453125 0.03148148148148148 0.015625 0.03148148148148148
0 0.8208333333333333 0.5277777777777778 0.12083333333333333 0.05277777777777778
0 0.6388020833333333 0.5148148148148148 0.13177083333333334 0.03518518518518519
0 0.390625 0.5361111111111111 0.18229166666666666 0.03888888888888889
0 0.19401041666666666 0.5518518518518518 0.12916666666666668 0.06944444444444445
0 0.044270833333333336 0.5462962962962963 0.08854166666666667 0.04351851851851852
0 0.95625 0.5356481481481481 0.0875 0.03981481481481482
0 0.12135416666666667 0.5254629629629629 0.07864583333333333 0.049074074074074076
0 0.2794270833333333 0.5421296296296296 0.041666666666666664 0.024074074074074074
0 0.7328125 0.5046296296296297 0.06041666666666667 0.03518518518518519
0 0.8973958333333333 0.5166666666666667 0.029166666666666667 0.028703703703703703
6 0.4283854166666667 0.41574074074074074 0.035416666666666666 0.20555555555555555
6 0.6151041666666667 0.4388888888888889 0.028645833333333332 0.1648148148148148
6 0.8013020833333333 0.4203703703703704 0.036458333333333336 0.1712962962962963
6 0.4705729166666667 0.3773148148148148 0.034895833333333334 0.27037037037037037