1 0.83828125 0.028703703703703703 0.0171875 0.027777777777777776
0 0.45286458333333335 0.549074074074074 0.0703125 0.025925925925925925
0 0.7119791666666667 0.5337962962962963 0.0875 0.041666666666666664
3 0.7729166666666667 0.36712962962962964 0.035416666666666666 0.2712962962962963
0 0.5760416666666667 0.5365740740740741 0.165625 0.041666666666666664
0 0.37942708333333336 0.5370370370370371 0.08177083333333333 0.037037037037037035
0 0.3138020833333333 0.5217592592592593 0.0703125 0.03796296296296296
0 0.19479166666666667 0.562037037037037 0.06145833333333333 0.037037037037037035
0 0.25338541666666664 0.5537037037037037 0.0640625 0.040740740740740744
3 0.6166666666666667 0.4203703703703704 0.035416666666666666 0.20185185185185187
1 0.8661458333333333 0.03009259259259259 0.013541666666666667 0.030555555555555555
3 0.803125 0.43657407407407406 0.036458333333333336 0.15092592592592594
3 0.6606770833333333 0.39166666666666666 0.024479166666666666 0.29444444444444445