1 0.8380208333333333 0.028703703703703703 0.0171875 0.027777777777777776
1 0.853125 0.027314814814814816 0.013541666666666667 0.026851851851851852
1 0.8661458333333333 0.03009259259259259 0.013541666666666667 0.030555555555555555
1 0.8799479166666667 0.03009259259259259 0.014583333333333334 0.032407407407407406
1 0.89453125 0.03148148148148148 0.015625 0.03148148148148148
0 0.12890625 0.5472222222222223 0.09114583333333333 0.023148148148148147
0 0.19479166666666667 0.5615740740740741 0.06145833333333333 0.037037037037037035
0 0.37942708333333336 0.5370370370370371 0.08177083333333333 0.037037037037037035
0 0.8216145833333334 0.5222222222222223 0.13645833333333332 0.03888888888888889
0 0.5760416666666667 0.5361111111111111 0.165625 0.041666666666666664
0 0.3138020833333333 0.5212962962962963 0.0703125 0.03796296296296296
0 0.25338541666666664 0.5537037037037037 0.0640625 0.040740740740740744
6 0.6166666666666667 0.4203703703703704 0.035416666666666666 0.20185185185185187
6 0.8028645833333333 0.43657407407407406 0.036458333333333336 0.15092592592592594
6 0.6606770833333333 0.3912037037037037 0.024479166666666666 0.29444444444444445
0 0.45260416666666664 0.5486111111111112 0.0703125 0.025925925925925925