0 0.6947916666666667 0.5310185185185186 0.115625 0.04537037037037037
0 0.4508854166666667 0.5430555555555555 0.06875 0.041666666666666664
0 0.5619791666666667 0.5444444444444444 0.15104166666666666 0.053703703703703705
0 0.3234375 0.5351851851851852 0.18125 0.06296296296296296
0 0.14505208333333333 0.5509259259259259 0.17552083333333332 0.05555555555555555
3 0.6583333333333333 0.3726851851851852 0.0375 0.2824074074074074
3 0.8067708333333333 0.4398148148148148 0.026041666666666668 0.14814814814814814
3 0.6192708333333333 0.42268518518518516 0.041666666666666664 0.2101851851851852
1 0.853125 0.027314814814814816 0.013541666666666667 0.026851851851851852
1 0.83828125 0.028703703703703703 0.0171875 0.027777777777777776
0 0.8207552083333334 0.5328703703703703 0.1345312500000001 0.062037037037037036