1 0.8380208333333333 0.028703703703703703 0.0171875 0.027777777777777776
1 0.853125 0.027314814814814816 0.013541666666666667 0.026851851851851852
1 0.8661458333333333 0.03009259259259259 0.013541666666666667 0.030555555555555555
1 0.8799479166666667 0.03009259259259259 0.014583333333333334 0.032407407407407406
1 0.89453125 0.03148148148148148 0.015625 0.03148148148148148
0 0.190625 0.5125 0.35 0.030555555555555555
0 0.40677083333333336 0.5472222222222223 0.05625 0.08796296296296297
0 0.4674479166666667 0.5254629629629629 0.06145833333333333 0.016666666666666666
0 0.5684895833333333 0.7152777777777778 0.04010416666666667 0.10648148148148148
0 0.68046875 0.9444444444444444 0.026041666666666668 0.1111111111111111
0 0.6088541666666667 0.8226851851851852 0.049479166666666664 0.09537037037037037
0 0.5463541666666667 0.5796296296296296 0.059895833333333336 0.14074074074074075
0 0.6486979166666667 0.875462962962963 0.04479166666666667 0.04537037037037037
6 0.9817708333333334 0.9328703703703703 0.036458333333333336 0.13425925925925927