0 0.4014635416666667 0.5507685185185186 0.03144791666666672 0.03764814814814822
0 0.4691770833333333 0.5433472222222223 0.1039791666666666 0.05249074074074079
0 0.5574322916666666 0.5462037037037037 0.07509374999999997 0.03994444444444454
0 0.6573697916666668 0.5347222222222222 0.1282812500000001 0.058333333333333334
0 0.35075520833333335 0.5621805555555557 0.0686770833333334 0.03993518518518529
3 0.5424479166666667 0.4689814814814815 0.03697916666666667 0.14351851851851852
3 0.7864583333333334 0.37824074074074077 0.03333333333333333 0.28425925925925927
3 0.7361979166666667 0.3800925925925926 0.03802083333333333 0.2638888888888889
3 0.5013020833333334 0.4236111111111111 0.0390625 0.21574074074074073
3 0.017447916666666667 0.5101851851851852 0.0265625 0.1388888888888889
3 0.045572916666666664 0.47314814814814815 0.0296875 0.21481481481481482
3 0.5752604166666667 0.4078703703703704 0.03177083333333333 0.25462962962962965
3 0.8276041666666667 0.42268518518518516 0.03333333333333333 0.22314814814814815
0 0.21404166666666669 0.5792916666666666 0.20474999999999996 0.03765740740740747
0 0.09947395833333333 0.5884212962962962 0.02567708333333334 0.02852777777777773
1 0.892359375 0.032101851851851854 0.013906249999999905 0.027777777777777776
1 0.8791666666666667 0.032101851851851854 0.013906249999999905 0.027777777777777776
1 0.8381927083333333 0.03086111111111111 0.013906249999999905 0.027777777777777776
1 0.8527760416666667 0.03086111111111111 0.013906249999999905 0.027777777777777776
1 0.8652760416666666 0.032101851851851854 0.013906249999999905 0.027777777777777776
0 0.8067708333333333 0.5300925925925926 0.16458333333333333 0.058333333333333334
3 0.9828125 0.4351851851851852 0.026041666666666668 0.2111111111111111