1 0.8661458333333333 0.03009259259259259 0.013541666666666667 0.030555555555555555
1 0.8799479166666667 0.03009259259259259 0.014583333333333334 0.032407407407407406
0 0.9513020833333333 0.5893518518518519 0.09739583333333333 0.1824074074074074
0 0.05651041666666667 0.49675925925925923 0.11302083333333333 0.05555555555555555
0 0.14401041666666667 0.48009259259259257 0.09375 0.05555555555555555
0 0.23776041666666667 0.4736111111111111 0.11614583333333334 0.046296296296296294
0 0.7544270833333333 0.4861111111111111 0.30572916666666666 0.05277777777777778
0 0.5125 0.5287037037037037 0.11875 0.03888888888888889
0 0.58203125 0.5037037037037037 0.049479166666666664 0.08796296296296297
0 0.31588541666666664 0.5018518518518519 0.043229166666666666 0.05185185185185185
0 0.3984375 0.5388888888888889 0.11875 0.05648148148148148
3 0.014322916666666666 0.399537037037037 0.028645833333333332 0.225
3 0.044270833333333336 0.44074074074074077 0.03125 0.14351851851851852
3 0.14244791666666667 0.3888888888888889 0.03802083333333333 0.21296296296296297
3 0.30859375 0.39444444444444443 0.035416666666666666 0.1648148148148148
3 0.609375 0.3287037037037037 0.041666666666666664 0.28425925925925927
3 0.6505208333333333 0.34120370370370373 0.0375 0.24074074074074073
3 0.7895833333333333 0.35509259259259257 0.030208333333333334 0.262037037037037
3 0.8463541666666666 0.4199074074074074 0.026041666666666668 0.13240740740740742