1 0.8520833333333333 0.025925925925925925 0.013906249999999905 0.027777777777777776
1 0.8659739583333332 0.028398148148148148 0.013906249999999905 0.027777777777777776
1 0.8805572916666666 0.02962962962962963 0.013906249999999905 0.027777777777777776
0 0.19254166666666664 0.5821435185185185 0.20795833333333333 0.054768518518518605
0 0.3347109375 0.570162037037037 0.07638020833333338 0.05819444444444436
0 0.38926822916666665 0.5587546296296296 0.032734374999999954 0.06960185185185191
0 0.45537760416666667 0.551337962962963 0.099484375 0.08443518518518524
3 0.98828125 0.43842592592592594 0.0203125 0.2324074074074074
3 0.025 0.47685185185185186 0.025 0.21851851851851853
3 0.5520833333333334 0.40555555555555556 0.034375 0.2611111111111111
3 0.5265625 0.46574074074074073 0.0375 0.1388888888888889
3 0.8098958333333334 0.3976851851851852 0.034375 0.2657407407407407
3 0.7158854166666667 0.38055555555555554 0.0359375 0.2574074074074074
3 0.7669270833333334 0.37916666666666665 0.033854166666666664 0.287962962962963
0 0.7940104166666667 0.5282407407407408 0.18072916666666666 0.05648148148148148
1 0.8375 0.027314814814814816 0.016666666666666666 0.026851851851851852
0 0.5417057291666667 0.5553333333333335 0.0680364583333334 0.05590740740740751
0 0.6402291666666666 0.5427824074074075 0.12901041666666657 0.05591666666666676
1 0.8944427083333333 0.02962962962962963 0.016666666666666666 0.027777777777777776