1 0.8791666666666667 0.02962962962962963 0.013906249999999905 0.027777777777777776
1 0.851390625 0.02962962962962963 0.013906249999999905 0.027777777777777776
0 0.5433125000000001 0.5490555555555555 0.06739583333333338 0.05705555555555546
0 0.6494791666666667 0.5351851851851852 0.14375 0.05925925925925926
0 0.803125 0.5296296296296297 0.165625 0.06111111111111111
0 0.20666145833333335 0.5895648148148148 0.214375 0.06961111111111117
1 0.83828125 0.027777777777777776 0.016145833333333335 0.027777777777777776
3 0.81640625 0.3976851851851852 0.033854166666666664 0.2824074074074074
3 0.03723958333333333 0.4708333333333333 0.030729166666666665 0.21944444444444444
3 0.56328125 0.40694444444444444 0.034895833333333334 0.262037037037037
3 0.72578125 0.38055555555555554 0.03802083333333333 0.26296296296296295
3 0.7755208333333333 0.37962962962962965 0.03333333333333333 0.29444444444444445
3 0.53203125 0.4666666666666667 0.0328125 0.14444444444444443
1 0.8659739583333333 0.03086111111111111 0.016666666666666666 0.027777777777777776
0 0.45987239583333334 0.537074074074074 0.099484375 0.051351851851851885
0 0.39825260416666663 0.5541898148148148 0.02888020833333336 0.04678703703703701
0 0.34915364583333336 0.5730185185185185 0.0693177083333333 0.06618518518518521
1 0.892359375 0.027157407407407404 0.013906249999999905 0.027777777777777776