0 0.2888177083333333 0.5610370370370371 0.07060416666666663 0.07188888888888899
3 0.8078125 0.37222222222222223 0.04479166666666667 0.2611111111111111
3 0.8739583333333333 0.42916666666666664 0.023958333333333335 0.20092592592592592
3 0.6661458333333333 0.36712962962962964 0.035416666666666666 0.2638888888888889
3 0.7609375 0.37546296296296294 0.041666666666666664 0.26944444444444443
3 0.7171875 0.3685185185185185 0.03958333333333333 0.2833333333333333
1 0.8380208333333333 0.02824074074074074 0.016666666666666666 0.026851851851851852
1 0.895140625 0.028398148148148148 0.016666666666666666 0.027777777777777776
1 0.8534739583333333 0.028398148148148148 0.013906249999999905 0.027777777777777776
1 0.8673593749999999 0.028398148148148148 0.013906249999999905 0.027777777777777776
1 0.879859375 0.025925925925925925 0.013906249999999905 0.027777777777777776
0 0.0234140625 0.5627500000000001 0.035296875000000005 0.022814814814814906
0 0.14889583333333334 0.5695972222222223 0.20923958333333334 0.054768518518518605
0 0.3369557291666666 0.5308009259259259 0.02439062499999996 0.03650925925925932
0 0.40114062500000003 0.5176759259259259 0.09370833333333337 0.051351851851851885
0 0.4877916666666666 0.5268055555555555 0.07188541666666666 0.04222222222222214
0 0.5882395833333334 0.516537037037037 0.12901041666666663 0.03537037037037041
0 0.6703958333333333 0.5011296296296296 0.03658333333333322 0.02738888888888882
0 0.7381119791666667 0.5102592592592593 0.09114062499999989 0.03194444444444444
0 0.8067890624999999 0.5034120370370371 0.039796874999999926 0.03423148148148151
0 0.83503125 0.5119675925925925 0.01796875 0.02852777777777773
0 0.8693697916666667 0.527375 0.04685416666666668 0.020546296296296347
0 0.9858645833333334 0.6135277777777778 0.021822916666666713 0.06503703703703705