1 0.8791666666666667 0.028398148148148148 0.013906249999999905 0.027777777777777776
1 0.8520833333333333 0.028398148148148148 0.013906249999999905 0.027777777777777776
3 0.12682291666666667 0.4726851851851852 0.03697916666666667 0.23425925925925925
3 0.05963541666666667 0.47175925925925927 0.033854166666666664 0.22685185185185186
3 0.0953125 0.5087962962962963 0.042708333333333334 0.1398148148148148
0 0.8463541666666666 0.5236111111111111 0.09583333333333334 0.04722222222222222
1 0.8380208333333333 0.02824074074074074 0.016666666666666666 0.028703703703703703
0 0.13255208333333332 0.5920833333333333 0.14322916666666666 0.03620370370370362
3 0.8140625 0.37777777777777777 0.03333333333333333 0.26851851851851855
3 0.8661458333333333 0.4287037037037037 0.029166666666666667 0.18888888888888888
0 0.7427083333333333 0.5300925925925926 0.14270833333333333 0.05277777777777778
0 0.6373958333333333 0.5383287037037037 0.06405208333333334 0.03726851851851852
0 0.5532526041666667 0.5274074074074074 0.10306770833333327 0.038407407407407425
0 0.48570572916666666 0.5517314814814814 0.03202604166666667 0.04979629629629627
0 0.4330078125 0.5590277777777778 0.07336979166666661 0.03520370370370369
0 0.29908072916666667 0.5745555555555555 0.19216145833333337 0.033129629629629606
1 0.8930572916666666 0.027157407407407404 0.013906249999999905 0.027777777777777776
1 0.8652760416666666 0.02962962962962963 0.013906249999999905 0.027777777777777776