1 0.853125 0.027314814814814816 0.013541666666666667 0.026851851851851852
1 0.8661458333333333 0.03009259259259259 0.013541666666666667 0.030555555555555555
0 0.06588541666666667 0.5638888888888889 0.13177083333333334 0.05092592592592592
0 0.15182291666666667 0.575 0.05572916666666667 0.03518518518518519
0 0.21744791666666666 0.5902777777777778 0.08229166666666667 0.032407407407407406
0 0.33255208333333336 0.5717592592592593 0.13802083333333334 0.06759259259259259
0 0.4466145833333333 0.5518518518518518 0.08958333333333333 0.05092592592592592
0 0.7674479166666667 0.6097222222222223 0.22916666666666666 0.09259259259259259
3 0.0828125 0.41064814814814815 0.035416666666666666 0.2712962962962963
3 0.028125 0.45046296296296295 0.028645833333333332 0.16666666666666666
3 0.1171875 0.45694444444444443 0.0296875 0.21296296296296297
3 0.15833333333333333 0.44814814814814813 0.028645833333333332 0.20185185185185187
3 0.22317708333333333 0.5055555555555555 0.03125 0.17407407407407408
3 0.40572916666666664 0.38657407407407407 0.035416666666666666 0.3037037037037037
3 0.4505208333333333 0.4361111111111111 0.036458333333333336 0.18055555555555555
3 0.3455729166666667 0.4777777777777778 0.034895833333333334 0.14351851851851852
3 0.6177083333333333 0.45231481481481484 0.030208333333333334 0.1787037037037037
3 0.9205729166666666 0.4361111111111111 0.019791666666666666 0.18703703703703703
3 0.9596354166666666 0.43425925925925923 0.027083333333333334 0.19907407407407407