1 0.8380208333333333 0.028703703703703703 0.0171875 0.027777777777777776
1 0.853125 0.027314814814814816 0.013541666666666667 0.026851851851851852
1 0.8661458333333333 0.03009259259259259 0.013541666666666667 0.030555555555555555
1 0.8799479166666667 0.03009259259259259 0.014583333333333334 0.032407407407407406
1 0.89453125 0.03148148148148148 0.015625 0.03148148148148148
0 0.06588541666666667 0.5638888888888889 0.13177083333333334 0.05092592592592592
0 0.15182291666666667 0.575 0.05572916666666667 0.03518518518518519
0 0.21744791666666666 0.5902777777777778 0.08229166666666667 0.032407407407407406
0 0.33255208333333336 0.5717592592592593 0.13802083333333334 0.06759259259259259
0 0.4466145833333333 0.5518518518518518 0.08958333333333333 0.05092592592592592
0 0.5424479166666667 0.5449074074074074 0.1078125 0.05555555555555555
0 0.625 0.5694444444444444 0.0625 0.08611111111111111
0 0.7674479166666667 0.6097222222222223 0.22916666666666666 0.09259259259259259
0 0.9375 0.5611111111111111 0.12135416666666667 0.07222222222222222
6 0.0828125 0.41064814814814815 0.035416666666666666 0.2712962962962963
6 0.028125 0.45046296296296295 0.028645833333333332 0.16666666666666666
6 0.1171875 0.45694444444444443 0.0296875 0.21296296296296297
6 0.15833333333333333 0.44814814814814813 0.028645833333333332 0.20185185185185187
6 0.22317708333333333 0.5055555555555555 0.03125 0.17407407407407408
6 0.40572916666666664 0.38657407407407407 0.035416666666666666 0.3037037037037037
6 0.4505208333333333 0.4361111111111111 0.036458333333333336 0.18055555555555555
6 0.3455729166666667 0.4777777777777778 0.034895833333333334 0.14351851851851852
6 0.6177083333333333 0.45231481481481484 0.030208333333333334 0.1787037037037037
6 0.9205729166666666 0.4361111111111111 0.019791666666666666 0.18703703703703703
6 0.9596354166666666 0.43425925925925923 0.027083333333333334 0.19907407407407407
2 0.6697916666666667 0.5787037037037037 0.05625 0.025
2 0.7421875 0.5833333333333334 0.058854166666666666 0.046296296296296294