0 0.17388541666666668 0.5440185185185186 0.08152083333333332 0.032092592592592666
0 0.3113098958333333 0.5424629629629629 0.0745364583333334 0.022777777777777692
1 0.8666666666666667 0.02962962962962963 0.016666666666666666 0.027777777777777776
0 0.22658333333333333 0.5315972222222223 0.022708333333333344 0.0341574074074075
1 0.8380208333333333 0.027314814814814816 0.016666666666666666 0.028703703703703703
1 0.8819427083333333 0.028398148148148148 0.016666666666666666 0.027777777777777776
0 0.35905729166666667 0.5559259259259259 0.02329166666666668 0.022777777777777692
0 0.41554166666666664 0.5409120370370369 0.09433333333333328 0.017601851851851844
0 0.5384036458333334 0.5243518518518518 0.1432447916666666 0.019666666666666676
0 0.7107656250000001 0.5072685185185184 0.20730208333333333 0.02070370370370361
3 0.24479166666666666 0.40324074074074073 0.025 0.25092592592592594
3 0.10338541666666666 0.4115740740740741 0.043229166666666666 0.24537037037037038
3 0.3880208333333333 0.40046296296296297 0.03333333333333333 0.27870370370370373
3 0.2916666666666667 0.45601851851851855 0.042708333333333334 0.15833333333333333
3 0.47239583333333335 0.4152777777777778 0.034375 0.23055555555555557
1 0.8944427083333333 0.02962962962962963 0.016666666666666666 0.027777777777777776
0 0.8519739583333333 0.4984166666666666 0.07511458333333323 0.038407407407407425
0 0.24609114583333333 0.5150324074074074 0.018630208333333325 0.027953703703703755
0 0.0875 0.537962962962963 0.10104166666666667 0.053703703703703705
0 0.26472395833333334 0.5321157407407406 0.01863541666666665 0.026916666666666606
1 0.8534739583333333 0.028398148148148148 0.013906249999999905 0.027777777777777776