0 0.1025546875 0.5683472222222222 0.027369791666666674 0.01863888888888899
0 0.7081458333333334 0.4886342592592593 0.10772916666666674 0.0393425925925926
0 0.7957812499999999 0.5000231481481481 0.07453124999999995 0.0393425925925926
3 0.03359375 0.47129629629629627 0.04010416666666667 0.16111111111111112
3 0.6703125 0.4023148148148148 0.0375 0.15462962962962962
0 0.5922682291666667 0.5181388888888888 0.07278645833333333 0.040370370370370286
0 0.6432187500000001 0.5000231481481481 0.02911458333333338 0.03519444444444444
0 0.049276041666666666 0.5579907407407407 0.07569791666666667 0.022777777777777692
3 0.982015625 0.3202731481481481 0.028239583333333228 0.23163888888888884
1 0.8944427083333333 0.03086111111111111 0.013906249999999905 0.027777777777777776
1 0.8805572916666666 0.03086111111111111 0.013906249999999905 0.027777777777777776
1 0.8659739583333332 0.03086111111111111 0.013906249999999905 0.027777777777777776
1 0.8534739583333333 0.03086111111111111 0.013906249999999905 0.027777777777777776
1 0.8388906249999999 0.028398148148148148 0.013906249999999905 0.027777777777777776
3 0.2513020833333333 0.46805555555555556 0.0453125 0.14351851851851852
3 0.70859375 0.4111111111111111 0.0359375 0.1388888888888889
3 0.73984375 0.3768518518518518 0.0328125 0.2074074074074074
3 0.13177083333333334 0.4166666666666667 0.034375 0.2759259259259259
3 0.77890625 0.4222222222222222 0.034895833333333334 0.14444444444444443
0 0.8622395833333333 0.48842592592592593 0.06927083333333334 0.04351851851851852
0 0.27404166666666663 0.5476435185185186 0.1420833333333333 0.03726851851851852
0 0.16078385416666666 0.5595462962962964 0.08559895833333335 0.025888888888888923
3 0.803125 0.36342592592592593 0.029166666666666667 0.2564814814814815
3 0.5760416666666667 0.45046296296296295 0.01875 0.11944444444444445
3 0.21432291666666667 0.43333333333333335 0.03697916666666667 0.23333333333333334
3 0.6104166666666667 0.4027777777777778 0.035416666666666666 0.22962962962962963
3 0.2828125 0.43333333333333335 0.03333333333333333 0.21481481481481482
0 0.45018749999999996 0.5387916666666667 0.21020833333333327 0.054972222222222124