0 0.09114583333333333 0.5347222222222222 0.1125 0.049074074074074076
0 0.6272135416666667 0.5134814814814814 0.13567708333333334 0.03105555555555552
0 0.5107447916666668 0.5274537037037038 0.09375000000000006 0.032092592592592666
0 0.4510598958333334 0.5403981481481481 0.025619791666666693 0.03105555555555552
0 0.40156510416666674 0.5315972222222223 0.07220312500000006 0.03623148148148158
0 0.35119791666666667 0.5124444444444445 0.028531249999999987 0.04761111111111118
0 0.3203359375 0.5155462962962962 0.03202604166666667 0.041407407407407434
0 0.2664713541666667 0.5300416666666667 0.0791927083333333 0.04554629629629635
0 0.1875703125 0.5222777777777777 0.07977604166666664 0.048648148148148114
1 0.8944427083333333 0.03086111111111111 0.013906249999999905 0.027777777777777776
1 0.8805572916666666 0.03086111111111111 0.013906249999999905 0.027777777777777776
1 0.8659739583333332 0.03086111111111111 0.013906249999999905 0.027777777777777776
1 0.8534739583333333 0.03086111111111111 0.013906249999999905 0.027777777777777776
1 0.8388906249999999 0.028398148148148148 0.013906249999999905 0.027777777777777776
3 0.38229166666666664 0.44305555555555554 0.03958333333333333 0.1638888888888889
3 0.47994791666666664 0.38333333333333336 0.03802083333333333 0.2833333333333333
3 0.19739583333333333 0.3976851851851852 0.04375 0.23796296296296296
3 0.3419270833333333 0.3421296296296296 0.03177083333333333 0.3287037037037037
0 0.7963541666666667 0.5087962962962963 0.2 0.06574074074074074