0 0.3654635416666666 0.5331481481481483 0.0826875 0.041407407407407434
0 0.4941510416666667 0.5279722222222222 0.08385416666666666 0.028981481481481438
0 0.5500494791666667 0.5388425925925926 0.02678645833333325 0.02174074074074076
0 0.6062447916666667 0.5284907407407409 0.08909374999999997 0.032092592592592666
0 0.7229947916666667 0.5233148148148148 0.14557291666666666 0.04451851851851845
0 0.8432395833333334 0.49899074074074073 0.09840625000000003 0.041407407407407434
3 0.4752604166666667 0.4388888888888889 0.03802083333333333 0.1648148148148148
3 0.29453125 0.40185185185185185 0.044270833333333336 0.22777777777777777
3 0.07239583333333334 0.43148148148148147 0.022916666666666665 0.22037037037037038
3 0.43307291666666664 0.3453703703703704 0.034895833333333334 0.32407407407407407
1 0.8944427083333333 0.03086111111111111 0.013906249999999905 0.027777777777777776
0 0.2816119791666667 0.5222824074074075 0.08035937499999998 0.05693518518518519
1 0.8805572916666666 0.03086111111111111 0.013906249999999905 0.027777777777777776
1 0.8659739583333332 0.03086111111111111 0.013906249999999905 0.027777777777777776
1 0.8534739583333333 0.03086111111111111 0.013906249999999905 0.027777777777777776
1 0.8388906249999999 0.028398148148148148 0.013906249999999905 0.027777777777777776
0 0.13927083333333332 0.5407407407407407 0.1983333333333333 0.053703703703703705
0 0.42834895833333336 0.5145185185185185 0.04658333333333336 0.03105555555555552