0 0.6094453125 0.5719675925925927 0.02678645833333325 0.025879629629629673
0 0.740171875 0.549712962962963 0.23815625000000012 0.0455555555555556
0 0.8741015625 0.5259027777777778 0.03784895833333337 0.033120370370370356
3 0.13020833333333334 0.4625 0.020833333333333332 0.225
1 0.8944427083333333 0.03086111111111111 0.013906249999999905 0.027777777777777776
0 0.42048958333333336 0.5579953703703704 0.08093750000000005 0.0393425925925926
0 0.527640625 0.5466064814814815 0.13336458333333331 0.0393425925925926
1 0.8388906249999999 0.028398148148148148 0.013906249999999905 0.027777777777777776
1 0.8534739583333333 0.03086111111111111 0.013906249999999905 0.027777777777777776
1 0.8659739583333332 0.03086111111111111 0.013906249999999905 0.027777777777777776
0 0.07161458333333333 0.5606481481481481 0.07552083333333333 0.03796296296296296
3 0.496875 0.37546296296296294 0.03125 0.33425925925925926
3 0.3572916666666667 0.42453703703703705 0.05416666666666667 0.2490740740740741
3 0.05520833333333333 0.44537037037037036 0.027083333333333334 0.22777777777777777
0 0.19572135416666664 0.5755925925925925 0.178765625 0.03725925925925927
0 0.33227343749999994 0.5574768518518518 0.09549479166666662 0.05073148148148145
1 0.8805572916666666 0.03086111111111111 0.013906249999999905 0.027777777777777776
3 0.09244791666666667 0.4777777777777778 0.0390625 0.16296296296296298