1 0.8534739583333333 0.03086111111111111 0.013906249999999905 0.027777777777777776
0 0.778046875 0.513425925925926 0.23557291666666677 0.075
3 0.3828125 0.4199074074074074 0.034375 0.16203703703703703
3 0.41822916666666665 0.4027777777777778 0.030208333333333334 0.22037037037037038
3 0.4549479166666667 0.4310185185185185 0.03802083333333333 0.16574074074074074
1 0.8388906249999999 0.028398148148148148 0.013906249999999905 0.027777777777777776
1 0.8659739583333332 0.03086111111111111 0.013906249999999905 0.027777777777777776
1 0.8805572916666666 0.03086111111111111 0.013906249999999905 0.027777777777777776
1 0.8944427083333333 0.03086111111111111 0.013906249999999905 0.027777777777777776
0 0.20824218749999998 0.5098564814814814 0.11296354166666665 0.04658333333333328
0 0.33081510416666665 0.5072685185185185 0.12635937500000008 0.03933333333333335
0 0.4341744791666667 0.5181388888888888 0.06988020833333337 0.04451851851851845
0 0.5637369791666667 0.5269398148148149 0.18458854166666666 0.03726851851851852
3 0.27566145833333333 0.4007222222222222 0.019895833333333356 0.1848518518518518
0 0.09296875 0.4935185185185185 0.11197916666666667 0.05
3 0.49322916666666666 0.41064814814814815 0.01875 0.21388888888888888
3 0.34609375 0.3509259259259259 0.03697916666666667 0.3037037037037037