1 0.853125 0.027314814814814816 0.013541666666666667 0.026851851851851852
1 0.8799479166666667 0.03009259259259259 0.014583333333333334 0.032407407407407406
1 0.89453125 0.03148148148148148 0.015625 0.03148148148148148
0 0.06770833333333333 0.5634259259259259 0.13541666666666666 0.037037037037037035
0 0.22578125 0.5916666666666667 0.08854166666666667 0.03888888888888889
0 0.3611979166666667 0.5648148148148148 0.09375 0.05555555555555555
0 0.45625 0.5453703703703704 0.08958333333333333 0.032407407407407406
0 0.8359375 0.5856481481481481 0.09895833333333333 0.023148148148148147
0 0.91328125 0.5541666666666667 0.0640625 0.05555555555555555
0 0.15390625 0.5740740740740741 0.0515625 0.027777777777777776
3 0.03333333333333333 0.4685185185185185 0.033854166666666664 0.18055555555555555
3 0.09166666666666666 0.41203703703703703 0.033854166666666664 0.28055555555555556
3 0.128125 0.46296296296296297 0.03229166666666667 0.18518518518518517
3 0.23697916666666666 0.5013888888888889 0.034895833333333334 0.1574074074074074
3 0.3125 0.46064814814814814 0.041666666666666664 0.1925925925925926
3 0.359375 0.48148148148148145 0.03802083333333333 0.13240740740740742
3 0.4197916666666667 0.3819444444444444 0.042708333333333334 0.29814814814814816
3 0.46015625 0.4351851851851852 0.0453125 0.19722222222222222
3 0.5755208333333334 0.38796296296296295 0.03802083333333333 0.25462962962962965
3 0.6231770833333333 0.4546296296296296 0.0328125 0.18333333333333332