1 0.8805572916666666 0.03086111111111111 0.013906249999999905 0.027777777777777776
1 0.8944427083333333 0.03086111111111111 0.013906249999999905 0.027777777777777776
0 0.341296875 0.546087962962963 0.18574999999999997 0.03623148148148158
0 0.476390625 0.5383240740740741 0.0821041666666666 0.051759259259259345
0 0.5602421875 0.5429861111111112 0.07744270833333336 0.03623148148148158
0 0.6272083333333333 0.5264212962962963 0.05298958333333322 0.0445092592592592
0 0.7538567708333334 0.5522962962962962 0.1909947916666667 0.04244444444444437
0 0.8708958333333334 0.5331527777777777 0.04658333333333336 0.03726851851851852
3 0.19296875 0.4263888888888889 0.0359375 0.22870370370370371
3 0.15833333333333333 0.44814814814814813 0.03854166666666667 0.1648148148148148
3 0.23072916666666668 0.45787037037037037 0.03229166666666667 0.1638888888888889
3 0.053385416666666664 0.3888888888888889 0.028645833333333332 0.26481481481481484
3 0.12161458333333333 0.39814814814814814 0.0359375 0.2851851851851852
0 0.14453125 0.5407407407407407 0.20052083333333334 0.06851851851851852
1 0.8388906249999999 0.028398148148148148 0.013906249999999905 0.027777777777777776
1 0.8534739583333333 0.03086111111111111 0.013906249999999905 0.027777777777777776
1 0.8659739583333332 0.03086111111111111 0.013906249999999905 0.027777777777777776