0 0.5631536458333334 0.5331481481481481 0.11354687500000006 0.03105555555555552
0 0.7561848958333334 0.502611111111111 0.2736822916666668 0.0382962962962962
1 0.8388906249999999 0.028398148148148148 0.013906249999999905 0.027777777777777776
1 0.8534739583333333 0.03086111111111111 0.013906249999999905 0.027777777777777776
1 0.8659739583333332 0.03086111111111111 0.013906249999999905 0.027777777777777776
1 0.8805572916666666 0.03086111111111111 0.013906249999999905 0.027777777777777776
1 0.8944427083333333 0.03086111111111111 0.013906249999999905 0.027777777777777776
0 0.11274479166666666 0.5450555555555555 0.15139583333333334 0.040370370370370286
0 0.23852343750000002 0.5238287037037037 0.09549479166666665 0.04554629629629635
0 0.3290677083333333 0.5295231481481482 0.0821041666666666 0.038305555555555454
0 0.437375 0.5160694444444445 0.13451041666666666 0.048657407407407365