0 0.4778463541666667 0.5259027777777778 0.145578125 0.03726851851851852
0 0.6571927083333333 0.5114074074074074 0.21195833333333336 0.04348148148148152
0 0.7972369791666668 0.4974305555555556 0.06929687500000009 0.04658333333333328
0 0.84178125 0.479837962962963 0.024458333333333353 0.03415740740740745
0 0.8746822916666666 0.46896759259259263 0.03552083333333324 0.033120370370370356
1 0.8388906249999999 0.028398148148148148 0.013906249999999905 0.027777777777777776
1 0.8534739583333333 0.03086111111111111 0.013906249999999905 0.027777777777777776
1 0.8659739583333332 0.03086111111111111 0.013906249999999905 0.027777777777777776
1 0.8805572916666666 0.03086111111111111 0.013906249999999905 0.027777777777777776
1 0.8944427083333333 0.03086111111111111 0.013906249999999905 0.027777777777777776
0 0.0556796875 0.5290092592592593 0.037265625000000004 0.033129629629629606
0 0.11652864583333335 0.5435046296296296 0.07977604166666664 0.03726851851851852
0 0.18698697916666668 0.5269351851851852 0.055317708333333354 0.041407407407407434
0 0.3107265625 0.5466064814814815 0.18517187499999999 0.03726851851851852