0 0.13982291666666669 0.5595462962962964 0.08909374999999999 0.032092592592592666
0 0.25890364583333336 0.5528194444444444 0.14906770833333335 0.057972222222222126
1 0.8805572916666666 0.03086111111111111 0.013906249999999905 0.027777777777777776
1 0.8388906249999999 0.028398148148148148 0.013906249999999905 0.027777777777777776
1 0.8534739583333333 0.03086111111111111 0.013906249999999905 0.027777777777777776
0 0.43359114583333336 0.5217592592592593 0.20264062499999996 0.04348148148148152
0 0.5747994791666666 0.5134768518518518 0.07278645833333333 0.057972222222222126
0 0.7529817708333333 0.4881157407407407 0.2789218749999999 0.044509259259259255
1 0.8944427083333333 0.03086111111111111 0.013906249999999905 0.027777777777777776
1 0.8659739583333332 0.03086111111111111 0.013906249999999905 0.027777777777777776
0 0.053934895833333336 0.5554074074074075 0.03144270833333333 0.032092592592592666
0 0.08363020833333333 0.5693796296296296 0.02445833333333332 0.02070370370370361