1 0.8388906249999999 0.028398148148148148 0.013906249999999905 0.027777777777777776
0 0.40208333333333335 0.5351851851851852 0.24791666666666667 0.05555555555555555
0 0.16770833333333332 0.5513888888888889 0.253125 0.06944444444444445
0 0.8315911458333333 0.4896712962962963 0.12519270833333326 0.03726851851851852
0 0.7343489583333334 0.4964027777777778 0.07394791666666668 0.03623148148148158
0 0.646421875 0.48656481481481484 0.10073958333333337 0.0455555555555556
0 0.5599505208333333 0.5077824074074074 0.06754687500000003 0.04658333333333328
1 0.8944427083333333 0.03086111111111111 0.013906249999999905 0.027777777777777776
1 0.8805572916666666 0.03086111111111111 0.013906249999999905 0.027777777777777776
1 0.8659739583333332 0.03086111111111111 0.013906249999999905 0.027777777777777776
1 0.8534739583333333 0.03086111111111111 0.013906249999999905 0.027777777777777776