1 0.8380208333333333 0.028703703703703703 0.0171875 0.027777777777777776
1 0.8661458333333333 0.03009259259259259 0.013541666666666667 0.030555555555555555
1 0.89453125 0.03148148148148148 0.015625 0.03148148148148148
0 0.5489583333333333 0.5453703703703704 0.07395833333333333 0.06944444444444445
0 0.6190104166666667 0.6421296296296296 0.058854166666666666 0.11388888888888889
0 0.8372395833333334 0.9629629629629629 0.09635416666666667 0.07407407407407407
0 0.35234375 0.5337962962962963 0.05364583333333333 0.04351851851851852
3 0.2630208333333333 0.3578703703703704 0.03125 0.28703703703703703
3 0.3046875 0.37037037037037035 0.043229166666666666 0.2564814814814815
3 0.4140625 0.4388888888888889 0.0328125 0.15
3 0.4421875 0.37175925925925923 0.044270833333333336 0.2222222222222222
3 0.7955729166666666 0.8115740740740741 0.030208333333333334 0.25925925925925924
3 0.8471354166666667 0.8263888888888888 0.041666666666666664 0.2638888888888889
3 0.9614583333333333 0.8532407407407407 0.03229166666666667 0.2935185185185185
3 0.50078125 0.43287037037037035 0.026041666666666668 0.11851851851851852