1 0.8380208333333333 0.028703703703703703 0.0171875 0.027777777777777776
1 0.853125 0.027314814814814816 0.013541666666666667 0.026851851851851852
1 0.8661458333333333 0.03009259259259259 0.013541666666666667 0.030555555555555555
1 0.8799479166666667 0.03009259259259259 0.014583333333333334 0.032407407407407406
1 0.89453125 0.03148148148148148 0.015625 0.03148148148148148
0 0.18177083333333333 0.5509259259259259 0.12083333333333333 0.03981481481481482
0 0.2869791666666667 0.524074074074074 0.0875 0.05740740740740741
0 0.4205729166666667 0.5333333333333333 0.103125 0.04814814814814815
0 0.5489583333333333 0.5453703703703704 0.07395833333333333 0.06944444444444445
0 0.6190104166666667 0.6421296296296296 0.058854166666666666 0.11388888888888889
0 0.7309895833333333 0.8773148148148148 0.09895833333333333 0.15
0 0.8372395833333334 0.9629629629629629 0.09635416666666667 0.07407407407407407
0 0.35234375 0.5337962962962963 0.05364583333333333 0.04351851851851852
0 0.03203125 0.5703703703703704 0.0640625 0.03518518518518519
6 0.2630208333333333 0.3578703703703704 0.03125 0.28703703703703703
6 0.3046875 0.37037037037037035 0.043229166666666666 0.2564814814814815
6 0.4140625 0.4388888888888889 0.0328125 0.15
6 0.4421875 0.37175925925925923 0.044270833333333336 0.2222222222222222
6 0.7955729166666666 0.8115740740740741 0.030208333333333334 0.25925925925925924
6 0.8471354166666667 0.8263888888888888 0.041666666666666664 0.2638888888888889
6 0.9614583333333333 0.8532407407407407 0.03229166666666667 0.2935185185185185
6 0.50078125 0.43287037037037035 0.026041666666666668 0.11851851851851852
2 0.023958333333333335 0.5509259259259259 0.04583333333333333 0.018518518518518517
2 0.08333333333333333 0.549537037037037 0.03802083333333333 0.025