0 0.04665624999999999 0.5517824074074074 0.08327083333333334 0.0393425925925926
3 0.03359375 0.4708333333333333 0.04010416666666667 0.16203703703703703
0 0.27811718750000003 0.5559212962962963 0.14207812499999997 0.04762037037037043
0 0.4545546875 0.524351851851852 0.21428645833333337 0.030018518518518587
0 0.6420546874999999 0.49484722222222216 0.03377604166666662 0.033120370370370356
0 0.7104739583333333 0.4844953703703705 0.10422916666666661 0.01863888888888899
0 0.7986927083333334 0.5000231481481481 0.06987499999999992 0.02899074074074069
3 0.9816927083333334 0.3288333333333333 0.03144791666666672 0.23505555555555557
0 0.1494322916666667 0.5755925925925927 0.11762500000000002 0.05590740740740751
3 0.284375 0.4361111111111111 0.034375 0.21851851851851853
3 0.6104166666666667 0.4023148148148148 0.035416666666666666 0.23055555555555557
3 0.2140625 0.43333333333333335 0.0375 0.2351851851851852
3 0.5760416666666667 0.45046296296296295 0.01875 0.11944444444444445
3 0.8052083333333333 0.36712962962962964 0.03333333333333333 0.2638888888888889
1 0.8659739583333332 0.03086111111111111 0.013906249999999905 0.027777777777777776
1 0.8805572916666666 0.03086111111111111 0.013906249999999905 0.027777777777777776
1 0.8944427083333333 0.03086111111111111 0.013906249999999905 0.027777777777777776
1 0.8388906249999999 0.028398148148148148 0.013906249999999905 0.027777777777777776
1 0.8534739583333333 0.03086111111111111 0.013906249999999905 0.027777777777777776
0 0.5941927083333333 0.5224537037037037 0.0701562499999999 0.04027777777777778
0 0.8654427083333333 0.48842592592592593 0.06286458333333324 0.04351851851851852
3 0.77890625 0.42268518518518516 0.034895833333333334 0.14537037037037037
3 0.13151041666666666 0.4162037037037037 0.034895833333333334 0.27685185185185185
3 0.7401041666666667 0.3773148148148148 0.03333333333333333 0.2064814814814815
3 0.7088541666666667 0.4115740740740741 0.035416666666666666 0.13796296296296295
3 0.25052083333333336 0.46805555555555556 0.04479166666666667 0.14351851851851852
3 0.6703125 0.4027777777777778 0.0375 0.1537037037037037