1 0.8659739583333332 0.03086111111111111 0.013906249999999905 0.027777777777777776
0 0.578359375 0.49722222222222223 0.10265624999999995 0.053703703703703705
1 0.8805572916666666 0.03086111111111111 0.013906249999999905 0.027777777777777776
1 0.8944427083333333 0.03086111111111111 0.013906249999999905 0.027777777777777776
0 0.3704114583333334 0.5305601851851852 0.3150208333333334 0.04658333333333328
0 0.6635937500000001 0.5005370370370371 0.06291666666666676 0.032092592592592666
0 0.7585104166666666 0.4839768518518519 0.1269374999999999 0.027953703703703755
0 0.8566302083333334 0.4720740740740741 0.07045833333333344 0.031055555555555576
3 0.9849036458333332 0.32369444444444445 0.028880208333333237 0.22935185185185186
1 0.8534739583333333 0.03086111111111111 0.013906249999999905 0.027777777777777776
0 0.12471354166666666 0.5518518518518518 0.17546874999999998 0.06481481481481481
1 0.8388906249999999 0.028398148148148148 0.013906249999999905 0.027777777777777776