1 0.8380208333333333 0.028703703703703703 0.0171875 0.027777777777777776
1 0.853125 0.027314814814814816 0.013541666666666667 0.026851851851851852
0 0.15364583333333334 0.5092592592592593 0.1390625 0.046296296296296294
0 0.3484375 0.5083333333333333 0.165625 0.04814814814814815
0 0.5182291666666666 0.5287037037037037 0.07291666666666667 0.025925925925925925
0 0.24427083333333333 0.49583333333333335 0.04583333333333333 0.04722222222222222
0 0.5794270833333334 0.5254629629629629 0.059895833333333336 0.049074074074074076
0 0.7385416666666667 0.49074074074074076 0.09427083333333333 0.044444444444444446
0 0.8424479166666666 0.4736111111111111 0.11458333333333333 0.032407407407407406
3 0.024739583333333332 0.37824074074074077 0.04791666666666667 0.24074074074074073
3 0.09895833333333333 0.35555555555555557 0.026041666666666668 0.28888888888888886
3 0.13229166666666667 0.4199074074074074 0.033854166666666664 0.16018518518518518
3 0.28072916666666664 0.3365740740740741 0.027083333333333334 0.24351851851851852
3 0.3880208333333333 0.3587962962962963 0.034895833333333334 0.3194444444444444
3 0.3234375 0.41064814814814815 0.035416666666666666 0.1574074074074074
3 0.53046875 0.44351851851851853 0.0328125 0.15925925925925927
3 0.6072916666666667 0.3958333333333333 0.035416666666666666 0.22407407407407406
3 0.64921875 0.42685185185185187 0.036458333333333336 0.13425925925925927
3 0.7036458333333333 0.31805555555555554 0.035416666666666666 0.2898148148148148
3 0.7520833333333333 0.38287037037037036 0.0375 0.19444444444444445
3 0.91796875 0.41435185185185186 0.035416666666666666 0.14629629629629629
3 0.24661458333333333 0.34953703703703703 0.034895833333333334 0.2759259259259259