3 0.8674479166666667 0.40879629629629627 0.0265625 0.13796296296296295
1 0.8388906249999999 0.028398148148148148 0.013906249999999905 0.027777777777777776
1 0.8534739583333333 0.03086111111111111 0.013906249999999905 0.027777777777777776
1 0.8805572916666666 0.03086111111111111 0.013906249999999905 0.027777777777777776
1 0.8659739583333332 0.03086111111111111 0.013906249999999905 0.027777777777777776
1 0.8944427083333333 0.03086111111111111 0.013906249999999905 0.027777777777777776
0 0.33809375 0.5284907407407408 0.35869791666666667 0.048648148148148114
0 0.5322916666666667 0.4834583333333333 0.05415625000000001 0.033120370370370356
0 0.5980911458333333 0.5000231481481481 0.07744270833333336 0.033120370370370356
0 0.6970807291666666 0.4896712962962963 0.1310156250000001 0.04969444444444446
0 0.7818072916666667 0.47258796296296296 0.04076041666666678 0.03415740740740745
3 0.9839401041666667 0.3225555555555556 0.023109374999999942 0.22935185185185186
3 0.8205885416666666 0.32654629629629633 0.030166666666666706 0.27157407407407413
0 0.09661458333333334 0.5425925925925926 0.11927083333333334 0.05185185185185185
0 0.84765625 0.48657407407407405 0.09010416666666667 0.04722222222222222
3 0.7723958333333333 0.33240740740740743 0.029166666666666667 0.25