1 0.8380208333333333 0.028703703703703703 0.0171875 0.027777777777777776
1 0.853125 0.027314814814814816 0.013541666666666667 0.026851851851851852
1 0.8661458333333333 0.03009259259259259 0.013541666666666667 0.030555555555555555
1 0.8799479166666667 0.03009259259259259 0.014583333333333334 0.032407407407407406
1 0.89453125 0.03148148148148148 0.015625 0.03148148148148148
0 0.3846354166666667 0.24537037037037038 0.10572916666666667 0.16018518518518518
0 0.87578125 0.8763888888888889 0.21510416666666668 0.049074074074074076
0 0.3033854166666667 0.6425925925925926 0.06145833333333333 0.053703703703703705
0 0.13619791666666667 0.7699074074074074 0.06614583333333333 0.10833333333333334
0 0.0859375 0.9087962962962963 0.09375 0.062037037037037036
0 0.4627604166666667 0.36666666666666664 0.05572916666666667 0.11574074074074074
0 0.4432291666666667 0.4444444444444444 0.09114583333333333 0.03981481481481482
0 0.36640625 0.48703703703703705 0.078125 0.03518518518518519
0 0.2994791666666667 0.5194444444444445 0.07291666666666667 0.03888888888888889
0 0.39401041666666664 0.5986111111111111 0.09375 0.06481481481481481
0 0.02265625 0.30185185185185187 0.0453125 0.0787037037037037
0 0.4869791666666667 0.5430555555555555 0.08697916666666666 0.046296296296296294
0 0.5559895833333334 0.6726851851851852 0.06145833333333333 0.28703703703703703
0 0.2109375 0.9486111111111111 0.043229166666666666 0.04259259259259259