0 0.3001302083333333 0.5458333333333333 0.13567708333333334 0.05092592592592592
1 0.8388906249999999 0.028398148148148148 0.013906249999999905 0.027777777777777776
1 0.8534739583333333 0.03086111111111111 0.013906249999999905 0.027777777777777776
1 0.8659739583333332 0.03086111111111111 0.013906249999999905 0.027777777777777776
1 0.8805572916666666 0.03086111111111111 0.013906249999999905 0.027777777777777776
1 0.8944427083333333 0.03086111111111111 0.013906249999999905 0.027777777777777776
0 0.8240234375 0.5067499999999999 0.056484374999999906 0.050722222222222196
0 0.8729375 0.4839768518518519 0.040177083333333266 0.044509259259259255
0 0.08651041666666666 0.5555555555555556 0.09697916666666666 0.037037037037037035
0 0.18450520833333334 0.5583333333333333 0.09192708333333334 0.05
0 0.5833072916666667 0.5421296296296296 0.42703125000000003 0.05462962962962963