1 0.8661458333333333 0.03009259259259259 0.013541666666666667 0.030555555555555555
1 0.8799479166666667 0.03009259259259259 0.014583333333333334 0.032407407407407406
0 0.4171875 0.06944444444444445 0.1625 0.06481481481481481
0 0.54296875 0.13333333333333333 0.09635416666666667 0.12777777777777777
0 0.6291666666666667 0.24768518518518517 0.08229166666666667 0.1175925925925926
0 0.6190104166666667 0.3648148148148148 0.10416666666666667 0.06944444444444445
0 0.12239583333333333 0.39675925925925926 0.07291666666666667 0.2101851851851852
0 0.07682291666666667 0.5393518518518519 0.0390625 0.08796296296296297
0 0.16223958333333333 0.700462962962963 0.050520833333333334 0.0712962962962963
0 0.32083333333333336 0.6736111111111112 0.059895833333333336 0.08796296296296297
0 0.4979166666666667 0.5337962962962963 0.08229166666666667 0.07407407407407407
0 0.6328125 0.45925925925925926 0.09895833333333333 0.0787037037037037
0 0.7174479166666666 0.49907407407407406 0.051041666666666666 0.18703703703703703
0 0.7505208333333333 0.6527777777777778 0.033854166666666664 0.09259259259259259
3 0.06380208333333333 0.38287037037037036 0.035416666666666666 0.20092592592592592