1 0.853125 0.027314814814814816 0.013541666666666667 0.026851851851851852
1 0.8661458333333333 0.03009259259259259 0.013541666666666667 0.030555555555555555
1 0.8799479166666667 0.03009259259259259 0.014583333333333334 0.032407407407407406
0 0.30078125 0.37592592592592594 0.05625 0.10925925925925926
0 0.37578125 0.33935185185185185 0.10052083333333334 0.037037037037037035
0 0.4596354166666667 0.4152777777777778 0.06510416666666667 0.1574074074074074
0 0.4739583333333333 0.5453703703703704 0.0171875 0.08796296296296297
0 0.5299479166666666 0.7106481481481481 0.09791666666666667 0.19907407407407407
0 0.6158854166666666 0.8773148148148148 0.051041666666666666 0.05092592592592592
0 0.8541666666666666 0.9736111111111111 0.12864583333333332 0.05277777777777778
3 0.875 0.8388888888888889 0.03125 0.32222222222222224
3 0.92890625 0.7722222222222223 0.0328125 0.20833333333333334
3 0.9713541666666666 0.7939814814814815 0.03125 0.14074074074074075