1 0.8380208333333333 0.028703703703703703 0.0171875 0.027777777777777776
1 0.853125 0.027314814814814816 0.013541666666666667 0.026851851851851852
1 0.8661458333333333 0.03009259259259259 0.013541666666666667 0.030555555555555555
1 0.8799479166666667 0.03009259259259259 0.014583333333333334 0.032407407407407406
1 0.89453125 0.03148148148148148 0.015625 0.03148148148148148
0 0.05026041666666667 0.5217592592592593 0.10052083333333334 0.046296296296296294
0 0.175 0.5 0.15 0.046296296296296294
0 0.3575520833333333 0.5037037037037037 0.18385416666666668 0.05092592592592592
0 0.7075520833333333 0.5083333333333333 0.203125 0.07592592592592592
0 0.8966145833333333 0.5023148148148148 0.1546875 0.09444444444444444
0 0.48671875 0.5314814814814814 0.07604166666666666 0.041666666666666664
0 0.54921875 0.5407407407407407 0.06979166666666667 0.032407407407407406
6 0.7674479166666667 0.38055555555555554 0.036458333333333336 0.18981481481481483
6 0.7296875 0.3365740740740741 0.035416666666666666 0.3175925925925926
6 0.6622395833333333 0.425 0.027604166666666666 0.13425925925925927
6 0.6296875 0.4050925925925926 0.04791666666666667 0.21481481481481482
6 0.5486979166666667 0.4412037037037037 0.0328125 0.1574074074074074
6 0.47604166666666664 0.4013888888888889 0.0375 0.21944444444444444
6 0.34375 0.4236111111111111 0.04010416666666667 0.19907407407407407
6 0.4083333333333333 0.3574074074074074 0.03229166666666667 0.30092592592592593
6 0.15546875 0.41805555555555557 0.034895833333333334 0.1388888888888889
6 0.9393229166666667 0.41759259259259257 0.034895833333333334 0.15925925925925927
2 0.98125 0.5254629629629629 0.03229166666666667 0.03518518518518519