1 0.8661458333333333 0.03009259259259259 0.013541666666666667 0.030555555555555555
1 0.89453125 0.03148148148148148 0.015625 0.03148148148148148
0 0.03333333333333333 0.5416666666666666 0.06666666666666667 0.03425925925925926
0 0.3346354166666667 0.5962962962962963 0.24583333333333332 0.05092592592592592
0 0.58515625 0.55 0.23802083333333332 0.06296296296296296
0 0.7557291666666667 0.5680555555555555 0.11197916666666667 0.05555555555555555
0 0.8471354166666667 0.6791666666666667 0.0765625 0.14537037037037037
0 0.9380208333333333 0.8611111111111112 0.10677083333333333 0.17314814814814813
3 0.03046875 0.4351851851851852 0.0328125 0.16666666666666666
3 0.19348958333333333 0.4546296296296296 0.04010416666666667 0.18333333333333332
3 0.4973958333333333 0.3912037037037037 0.03125 0.2824074074074074
3 0.5356770833333333 0.4064814814814815 0.04010416666666667 0.2574074074074074
3 0.6411458333333333 0.4736111111111111 0.033854166666666664 0.14537037037037037
3 0.6776041666666667 0.41574074074074074 0.028645833333333332 0.2574074074074074
3 0.7283854166666667 0.475462962962963 0.0328125 0.14537037037037037
3 0.7708333333333334 0.4351851851851852 0.036458333333333336 0.24074074074074073