1 0.8380208333333333 0.028703703703703703 0.0171875 0.027777777777777776
1 0.8661458333333333 0.03009259259259259 0.013541666666666667 0.030555555555555555
1 0.8799479166666667 0.03009259259259259 0.014583333333333334 0.032407407407407406
1 0.89453125 0.03148148148148148 0.015625 0.03148148148148148
0 0.11015625 0.5425925925925926 0.2203125 0.03888888888888889
0 0.2833333333333333 0.5287037037037037 0.12916666666666668 0.032407407407407406
0 0.3690104166666667 0.5175925925925926 0.03802083333333333 0.03888888888888889
0 0.4713541666666667 0.5324074074074074 0.1703125 0.03981481481481482
0 0.5776041666666667 0.5439814814814815 0.058333333333333334 0.025925925925925925
0 0.6453125 0.5611111111111111 0.08229166666666667 0.041666666666666664
0 0.8033854166666666 0.5254629629629629 0.06145833333333333 0.041666666666666664
0 0.73125 0.5541666666666667 0.08229166666666667 0.05555555555555555
3 0.07473958333333333 0.4351851851851852 0.041666666666666664 0.2064814814814815
3 0.2609375 0.45046296296296295 0.0375 0.15462962962962962
3 0.4466145833333333 0.4351851851851852 0.0390625 0.16666666666666666
3 0.54375 0.42685185185185187 0.03229166666666667 0.18703703703703703
3 0.5833333333333334 0.42916666666666664 0.034895833333333334 0.21296296296296297
3 0.6544270833333333 0.475462962962963 0.027604166666666666 0.14814814814814814
3 0.73828125 0.43657407407407406 0.0375 0.2222222222222222
3 0.7760416666666666 0.4597222222222222 0.041666666666666664 0.14537037037037037
3 0.8380208333333333 0.4273148148148148 0.030208333333333334 0.1638888888888889
3 0.8809895833333333 0.4212962962962963 0.03125 0.1638888888888889