0 0.8004401041666667 0.5046805555555555 0.0745364583333334 0.038305555555555454
3 0.61015625 0.4023148148148148 0.03697916666666667 0.22870370370370371
3 0.03359375 0.4703703703703704 0.04010416666666667 0.16111111111111112
3 0.28359375 0.4361111111111111 0.0359375 0.21851851851851853
3 0.6705729166666666 0.4023148148148148 0.03802083333333333 0.15648148148148147
3 0.25078125 0.46805555555555556 0.044270833333333336 0.14351851851851852
1 0.8388906249999999 0.028398148148148148 0.013906249999999905 0.027777777777777776
1 0.8534739583333333 0.03086111111111111 0.013906249999999905 0.027777777777777776
0 0.7090182291666667 0.49484722222222227 0.10248437499999999 0.047620370370370375
0 0.6429270833333334 0.504162037037037 0.02504166666666663 0.04762037037037043
1 0.8659739583333332 0.03086111111111111 0.013906249999999905 0.027777777777777776
1 0.8805572916666666 0.03086111111111111 0.013906249999999905 0.027777777777777776
0 0.8674479166666667 0.48842592592592593 0.058854166666666666 0.04351851851851852
1 0.8944427083333333 0.03086111111111111 0.013906249999999905 0.027777777777777776
0 0.048403645833333335 0.5564444444444444 0.08559895833333335 0.04244444444444437
0 0.10313802083333333 0.5647222222222222 0.028536458333333344 0.02381481481481484
0 0.2766614583333334 0.5543703703703703 0.14150000000000004 0.04659259259259253
0 0.16078385416666666 0.5626527777777778 0.09025520833333331 0.040379629629629536
0 0.45222656250000004 0.5388425925925926 0.20846354166666672 0.05487037037037036
0 0.593140625 0.5243472222222222 0.06870833333333337 0.0445092592592592
3 0.7395833333333334 0.3768518518518518 0.03333333333333333 0.2074074074074074
3 0.70859375 0.4111111111111111 0.0359375 0.1388888888888889
3 0.13125 0.41805555555555557 0.034375 0.275
3 0.77890625 0.4222222222222222 0.034895833333333334 0.14444444444444443
3 0.21145833333333333 0.43425925925925923 0.03854166666666667 0.2351851851851852
3 0.5760416666666667 0.45046296296296295 0.019791666666666666 0.11944444444444445
3 0.8049479166666667 0.3675925925925926 0.030729166666666665 0.26296296296296295