1 0.8380208333333333 0.028703703703703703 0.0171875 0.027777777777777776
1 0.853125 0.027314814814814816 0.013541666666666667 0.026851851851851852
1 0.8661458333333333 0.03009259259259259 0.013541666666666667 0.030555555555555555
1 0.8799479166666667 0.03009259259259259 0.014583333333333334 0.032407407407407406
1 0.89453125 0.03148148148148148 0.015625 0.03148148148148148
0 0.7299479166666667 0.5902777777777778 0.11979166666666667 0.09722222222222222
3 0.58828125 0.5666666666666667 0.13072916666666667 0.05185185185185185
3 0.49557291666666664 0.5509259259259259 0.06770833333333333 0.06481481481481481
3 0.4348958333333333 0.5671296296296297 0.07552083333333333 0.05092592592592592
3 0.35885416666666664 0.5643518518518519 0.09114583333333333 0.04537037037037037
3 0.28932291666666665 0.5643518518518519 0.04739583333333333 0.07962962962962963
3 0.24739583333333334 0.6287037037037037 0.035416666666666666 0.08333333333333333
3 0.22291666666666668 0.7236111111111111 0.05520833333333333 0.07222222222222222
3 0.20026041666666666 0.8560185185185185 0.025520833333333333 0.17037037037037037
3 0.17005208333333333 0.8513888888888889 0.0234375 0.175
3 0.15390625 0.7398148148148148 0.016145833333333335 0.06481481481481481
3 0.05911458333333333 0.5097222222222222 0.0390625 0.05185185185185185
3 0.005989583333333334 0.5064814814814815 0.011979166666666667 0.03148148148148148
3 0.79453125 0.6773148148148148 0.03177083333333333 0.06296296296296296
3 0.8190104166666666 0.7296296296296296 0.027604166666666666 0.06851851851851852
3 0.8395833333333333 0.8060185185185185 0.03697916666666667 0.10092592592592593