1 0.8380208333333333 0.028703703703703703 0.0171875 0.027777777777777776
1 0.853125 0.027314814814814816 0.013541666666666667 0.026851851851851852
1 0.8661458333333333 0.03009259259259259 0.013541666666666667 0.030555555555555555
1 0.8799479166666667 0.03009259259259259 0.014583333333333334 0.032407407407407406
1 0.89453125 0.03148148148148148 0.015625 0.03148148148148148
0 0.3106770833333333 0.5657407407407408 0.296875 0.06296296296296296
0 0.64375 0.5337962962962963 0.37083333333333335 0.037037037037037035
0 0.8614583333333333 0.575 0.051041666666666666 0.12222222222222222
2 0.2552083333333333 0.5222222222222223 0.08489583333333334 0.025925925925925925
2 0.4309895833333333 0.5217592592592593 0.08072916666666667 0.018518518518518517
2 0.019010416666666665 0.8888888888888888 0.034895833333333334 0.027777777777777776