0 0.11361979166666668 0.5579953703703704 0.08676041666666669 0.024842592592592524
0 0.23036979166666668 0.5538518518518518 0.14440625 0.03933333333333335
0 0.40622395833333336 0.5393564814814815 0.21195833333333336 0.057972222222222126
0 0.5500520833333333 0.5238333333333334 0.07453124999999995 0.041407407407407434
0 0.6001302083333333 0.4974351851851852 0.02329166666666656 0.027944444444444504
0 0.6647630208333333 0.4927731481481482 0.10365104166666678 0.04554629629629635
0 0.7494869791666667 0.5031296296296296 0.06230729166666672 0.041407407407407434
3 0.5309895833333333 0.45 0.0203125 0.11296296296296296
3 0.6635416666666667 0.41064814814814815 0.040625 0.13796296296296295
3 0.23541666666666666 0.43287037037037035 0.03229166666666667 0.22870370370370371
3 0.7645833333333333 0.3592592592592593 0.029166666666666667 0.2518518518518518
3 0.69765625 0.37824074074074077 0.03697916666666667 0.21388888888888888
3 0.62734375 0.4041666666666667 0.034895833333333334 0.15648148148148147
3 0.7361979166666667 0.4217592592592593 0.03802083333333333 0.14351851851851852
3 0.5645833333333333 0.40046296296296297 0.03958333333333333 0.21944444444444444
3 0.0859375 0.41759259259259257 0.03333333333333333 0.2740740740740741
3 0.16822916666666668 0.43287037037037035 0.03958333333333333 0.2324074074074074
3 0.20546875 0.4675925925925926 0.0453125 0.1425925925925926
0 0.8416666666666667 0.49212962962962964 0.121875 0.05277777777777778
0 0.025984375 0.552300925925926 0.040760416666666674 0.030027777777777837
0 0.05801041666666667 0.5657592592592593 0.02445833333333334 0.02381481481481484