1 0.8380208333333333 0.028703703703703703 0.0171875 0.027777777777777776
1 0.853125 0.027314814814814816 0.013541666666666667 0.026851851851851852
1 0.8661458333333333 0.03009259259259259 0.013541666666666667 0.030555555555555555
1 0.8799479166666667 0.03009259259259259 0.014583333333333334 0.032407407407407406
1 0.89453125 0.03148148148148148 0.015625 0.03148148148148148
0 0.29765625 0.5287037037037037 0.26197916666666665 0.07222222222222222
0 0.6255208333333333 0.5092592592592593 0.15364583333333334 0.06759259259259259
0 0.8677083333333333 0.5208333333333334 0.2630208333333333 0.05740740740740741
0 0.7044270833333334 0.5231481481481481 0.0703125 0.046296296296296294
0 0.0625 0.30787037037037035 0.08697916666666666 0.28888888888888886
0 0.07682291666666667 0.5578703703703703 0.0375 0.18703703703703703
0 0.153125 0.6884259259259259 0.05625 0.225
0 0.11119791666666666 0.899537037037037 0.024479166666666666 0.17592592592592593
0 0.45026041666666666 0.5435185185185185 0.04739583333333333 0.03148148148148148
0 0.509375 0.524537037037037 0.07239583333333334 0.05092592592592592
6 0.8716145833333333 0.425 0.0453125 0.1648148148148148