1 0.8380208333333333 0.028703703703703703 0.0171875 0.027777777777777776
1 0.853125 0.027314814814814816 0.013541666666666667 0.026851851851851852
1 0.8661458333333333 0.03009259259259259 0.013541666666666667 0.030555555555555555
1 0.89453125 0.03148148148148148 0.015625 0.03148148148148148
0 0.17578125 0.5333333333333333 0.1015625 0.032407407407407406
0 0.2716145833333333 0.5333333333333333 0.05572916666666667 0.02962962962962963
0 0.5846354166666666 0.5231481481481481 0.1015625 0.049074074074074076
0 0.8723958333333334 0.5078703703703704 0.13697916666666668 0.04351851851851852
0 0.4239583333333333 0.5175925925925926 0.07916666666666666 0.032407407407407406
0 0.7239583333333334 0.5212962962962963 0.17447916666666666 0.03796296296296296
0 0.38125 0.5 0.021354166666666667 0.032407407407407406
0 0.9677083333333333 0.49583333333333335 0.0578125 0.040740740740740744
3 0.35885416666666664 0.36944444444444446 0.025 0.24259259259259258
3 0.6596354166666667 0.4060185185185185 0.027604166666666666 0.20092592592592592
3 0.8549479166666667 0.42592592592592593 0.024479166666666666 0.14537037037037037
3 0.6984375 0.37407407407407406 0.030208333333333334 0.27037037037037037