0 0.14375 0.549537037037037 0.28541666666666665 0.049074074074074076
0 0.35104166666666664 0.5314814814814814 0.14479166666666668 0.05092592592592592
0 0.5200520833333333 0.5333333333333333 0.22552083333333334 0.041666666666666664
0 0.6932291666666667 0.5453703703703704 0.13125 0.032407407407407406
0 0.9278645833333333 0.5115740740740741 0.13385416666666666 0.05092592592592592
0 0.8106770833333333 0.5486111111111112 0.10052083333333334 0.053703703703703705
3 0.2942708333333333 0.38657407407407407 0.034895833333333334 0.29444444444444445
3 0.21822916666666667 0.399537037037037 0.03229166666666667 0.262037037037037
3 0.18619791666666666 0.4013888888888889 0.028645833333333332 0.2777777777777778
3 0.7208333333333333 0.48055555555555557 0.035416666666666666 0.1648148148148148
3 0.80546875 0.4273148148148148 0.036458333333333336 0.225
3 0.8424479166666666 0.462037037037037 0.033854166666666664 0.14074074074074075
3 0.9434895833333333 0.42962962962962964 0.027604166666666666 0.16203703703703703
3 0.51484375 0.4388888888888889 0.027604166666666666 0.15
3 0.5833333333333334 0.3773148148148148 0.03125 0.27314814814814814