1 0.853125 0.027314814814814816 0.013541666666666667 0.026851851851851852
1 0.8799479166666667 0.03009259259259259 0.014583333333333334 0.032407407407407406
1 0.89453125 0.03148148148148148 0.015625 0.03148148148148148
0 0.08671875 0.6805555555555556 0.15989583333333332 0.07685185185185185
0 0.2557291666666667 0.6981481481481482 0.08229166666666667 0.04814814814814815
0 0.4942708333333333 0.6611111111111111 0.0875 0.06018518518518518
0 0.4239583333333333 0.6675925925925926 0.040625 0.044444444444444446
0 0.18828125 0.6805555555555556 0.057291666666666664 0.037037037037037035
0 0.58671875 0.6435185185185185 0.08854166666666667 0.049074074074074076
0 0.6671875 0.6652777777777777 0.071875 0.06759259259259259
0 0.9578125 0.6652777777777777 0.07552083333333333 0.062037037037037036
0 0.8651041666666667 0.6875 0.10677083333333333 0.02962962962962963
0 0.7559895833333333 0.7074074074074074 0.1171875 0.06481481481481481
3 0.06041666666666667 0.5777777777777777 0.03229166666666667 0.18981481481481483
3 0.2630208333333333 0.6041666666666666 0.036458333333333336 0.15
3 0.12552083333333333 0.5152777777777777 0.033854166666666664 0.2898148148148148
3 0.19921875 0.5634259259259259 0.035416666666666666 0.2222222222222222
3 0.16015625 0.5569444444444445 0.030208333333333334 0.19166666666666668
3 0.4466145833333333 0.4875 0.035416666666666666 0.31203703703703706
3 0.4861979166666667 0.5439814814814815 0.041666666666666664 0.1925925925925926
3 0.6536458333333334 0.5615740740740741 0.027604166666666666 0.17314814814814813
3 0.984375 0.5106481481481482 0.027604166666666666 0.2712962962962963
3 0.9552083333333333 0.48935185185185187 0.03229166666666667 0.275