1 0.8380208333333333 0.028703703703703703 0.0171875 0.027777777777777776
1 0.853125 0.027314814814814816 0.013541666666666667 0.026851851851851852
1 0.8661458333333333 0.03009259259259259 0.013541666666666667 0.030555555555555555
1 0.89453125 0.03148148148148148 0.015625 0.03148148148148148
0 0.15546875 0.30787037037037035 0.07291666666666667 0.29444444444444445
0 0.05807291666666667 0.20925925925925926 0.11614583333333334 0.06944444444444445
0 0.50859375 0.5430555555555555 0.25677083333333334 0.062037037037037036
0 0.6953125 0.5060185185185185 0.1109375 0.04351851851851852
0 0.9161458333333333 0.5162037037037037 0.1625 0.032407407407407406
0 0.20078125 0.9231481481481482 0.021354166666666667 0.11018518518518519
3 0.9653645833333333 0.4199074074074074 0.027604166666666666 0.17592592592592593
3 0.6536458333333334 0.3888888888888889 0.03125 0.19722222222222222