1 0.8380208333333333 0.028703703703703703 0.0171875 0.027777777777777776
1 0.853125 0.027314814814814816 0.013541666666666667 0.026851851851851852
1 0.8661458333333333 0.03009259259259259 0.013541666666666667 0.030555555555555555
1 0.8799479166666667 0.03009259259259259 0.014583333333333334 0.032407407407407406
1 0.89453125 0.03148148148148148 0.015625 0.03148148148148148
0 0.11927083333333334 0.5518518518518518 0.12604166666666666 0.05740740740740741
0 0.21354166666666666 0.5541666666666667 0.06770833333333333 0.049074074074074076
0 0.3958333333333333 0.5291666666666667 0.046875 0.037037037037037035
0 0.5755208333333334 0.5291666666666667 0.16302083333333334 0.03425925925925926
0 0.8393229166666667 0.5263888888888889 0.14739583333333334 0.049074074074074076
0 0.7145833333333333 0.5351851851851852 0.11927083333333334 0.03333333333333333
0 0.9541666666666667 0.5092592592592593 0.09166666666666666 0.046296296296296294
0 0.26328125 0.55 0.0421875 0.03518518518518519
0 0.453125 0.5481481481481482 0.078125 0.03148148148148148
6 0.6216145833333333 0.4222222222222222 0.04010416666666667 0.1925925925925926
6 0.8151041666666666 0.4337962962962963 0.03802083333333333 0.14537037037037037
6 0.66796875 0.37962962962962965 0.035416666666666666 0.28425925925925927