1 0.8380208333333333 0.028703703703703703 0.0171875 0.027777777777777776
1 0.853125 0.027314814814814816 0.013541666666666667 0.026851851851851852
1 0.8661458333333333 0.03009259259259259 0.013541666666666667 0.030555555555555555
1 0.8799479166666667 0.03009259259259259 0.014583333333333334 0.032407407407407406
1 0.89453125 0.03148148148148148 0.015625 0.03148148148148148
0 0.03125 0.5439814814814815 0.0625 0.03888888888888889
0 0.09583333333333334 0.3888888888888889 0.0859375 0.24722222222222223
0 0.6046875 0.5009259259259259 0.071875 0.18055555555555555
0 0.69453125 0.32731481481481484 0.24635416666666668 0.15462962962962962
0 0.8432291666666667 0.38981481481481484 0.05625 0.11851851851851852
0 0.6635416666666667 0.20046296296296295 0.15 0.04351851851851852
0 0.78046875 0.14907407407407408 0.0953125 0.06944444444444445
0 0.8125 0.05925925925925926 0.027604166666666666 0.11296296296296296
0 0.87578125 0.45601851851851855 0.0390625 0.025
6 0.015885416666666666 0.46944444444444444 0.03177083333333333 0.13703703703703704