1 0.892359375 0.03086111111111111 0.013906249999999905 0.027777777777777776
1 0.8805572916666666 0.02962962962962963 0.013906249999999905 0.027777777777777776
3 0.61796875 0.3962962962962963 0.0328125 0.20925925925925926
3 0.65625 0.43842592592592594 0.035416666666666666 0.14907407407407408
1 0.86484375 0.03009259259259259 0.0140625 0.026851851851851852
0 0.6740807291666666 0.5248657407407408 0.06638020833333323 0.04762037037037043
0 0.5742161458333334 0.5196944444444446 0.13218229166666665 0.051759259259259345
0 0.46911197916666664 0.5403935185185185 0.07103645833333326 0.0393425925925926
0 0.3287786458333333 0.5585092592592593 0.20613020833333331 0.07142592592592602
0 0.152921875 0.5678287037037038 0.14091666666666663 0.0341574074074075
3 0.5838541666666667 0.425462962962963 0.03333333333333333 0.13796296296296295
3 0.45078125 0.4675925925925926 0.018229166666666668 0.11851851851851852
3 0.8505208333333333 0.41435185185185186 0.019791666666666666 0.14351851851851852
1 0.8380208333333333 0.027777777777777776 0.017708333333333333 0.02962962962962963
0 0.7684114583333332 0.5119259259259259 0.12927083333333325 0.05279629629629628
0 0.04286979166666667 0.5693796296296296 0.07803125 0.022777777777777692
3 0.090625 0.4476851851851852 0.03229166666666667 0.22870370370370371
3 0.6825520833333333 0.37916666666666665 0.033854166666666664 0.262037037037037
1 0.8506927083333333 0.02962962962962963 0.013906249999999905 0.027777777777777776
3 0.5479166666666667 0.4162037037037037 0.0375 0.15648148148148147
3 0.15963541666666667 0.44722222222222224 0.04010416666666667 0.22407407407407406
3 0.484375 0.4185185185185185 0.03229166666666667 0.23148148148148148
3 0.12734375 0.48564814814814816 0.04739583333333333 0.14537037037037037
3 0.01171875 0.42777777777777776 0.0234375 0.26481481481481484
3 0.9868281250000001 0.33225462962962965 0.02503124999999997 0.21908333333333335
0 0.8630364583333333 0.4989861111111111 0.05881250000000004 0.04554629629629635