1 0.8661458333333333 0.03009259259259259 0.013541666666666667 0.030555555555555555
1 0.8799479166666667 0.03009259259259259 0.014583333333333334 0.032407407407407406
1 0.89453125 0.03148148148148148 0.015625 0.03148148148148148
0 0.04765625 0.36898148148148147 0.09375 0.12962962962962962
0 0.15677083333333333 0.39490740740740743 0.1 0.06481481481481481
0 0.67265625 0.4847222222222222 0.10052083333333334 0.24074074074074073
0 0.75859375 0.6064814814814815 0.08854166666666667 0.049074074074074076
0 0.8135416666666667 0.6546296296296297 0.06197916666666667 0.10277777777777777
0 0.7916666666666666 0.8856481481481482 0.041666666666666664 0.22870370370370371
0 0.23567708333333334 0.41944444444444445 0.059895833333333336 0.08703703703703704
3 0.7625 0.4513888888888889 0.059895833333333336 0.3074074074074074
3 0.6255208333333333 0.29768518518518516 0.049479166666666664 0.1638888888888889
3 0.9760416666666667 0.8981481481481481 0.04791666666666667 0.20185185185185187