1 0.8947916666666667 0.03148148148148148 0.015625 0.03148148148148148
0 0.04791666666666667 0.36944444444444446 0.09375 0.12962962962962962
0 0.15677083333333333 0.39537037037037037 0.1 0.06481481481481481
0 0.67265625 0.48518518518518516 0.10052083333333334 0.24074074074074073
1 0.8802083333333334 0.03009259259259259 0.014583333333333334 0.032407407407407406
1 0.8661458333333333 0.03009259259259259 0.013541666666666667 0.030555555555555555
0 0.7588541666666667 0.6069444444444444 0.08854166666666667 0.049074074074074076
0 0.8138020833333334 0.6550925925925926 0.06197916666666667 0.10277777777777777
0 0.7916666666666666 0.8856481481481482 0.041666666666666664 0.22870370370370371
0 0.23567708333333334 0.41944444444444445 0.059895833333333336 0.08703703703703704
3 0.9760416666666667 0.8981481481481481 0.04791666666666667 0.20185185185185187
2 0.7580729166666667 0.7134259259259259 0.05572916666666667 0.08055555555555556
3 0.7627604166666667 0.44305555555555554 0.059895833333333336 0.2898148148148148
3 0.62578125 0.2919907407407408 0.049479166666666664 0.15250000000000002