1 0.8380208333333333 0.028703703703703703 0.0171875 0.027777777777777776
1 0.853125 0.027314814814814816 0.013541666666666667 0.026851851851851852
1 0.8661458333333333 0.03009259259259259 0.013541666666666667 0.030555555555555555
1 0.8799479166666667 0.03009259259259259 0.014583333333333334 0.032407407407407406
1 0.89453125 0.03148148148148148 0.015625 0.03148148148148148
0 0.3619791666666667 0.524537037037037 0.18385416666666668 0.027777777777777776
0 0.7192708333333333 0.48935185185185187 0.32708333333333334 0.027777777777777776
0 0.21354166666666666 0.9319444444444445 0.08489583333333334 0.08981481481481482
0 0.13463541666666667 0.6884259259259259 0.1109375 0.12314814814814815
0 0.08723958333333333 0.4337962962962963 0.071875 0.08611111111111111
2 0.4356770833333333 0.49212962962962964 0.1109375 0.027777777777777776
2 0.3 0.49398148148148147 0.16041666666666668 0.03425925925925926
2 0.07682291666666667 0.8671296296296296 0.044270833333333336 0.037037037037037035