0 0.4694010416666667 0.3566481481481481 0.1053958333333334 0.06522222222222228
0 0.008854166666666666 0.5476851851851852 0.017708333333333333 0.03796296296296296
3 0.01171875 0.4689814814814815 0.0234375 0.1361111111111111
0 0.5700520833333333 0.2550925925925926 0.05260416666666667 0.075
0 0.5966145833333333 0.4726851851851852 0.0578125 0.13240740740740742
0 0.7645833333333333 0.15648148148148147 0.09270833333333334 0.05740740740740741
0 0.84296875 0.3972222222222222 0.04010416666666667 0.08518518518518518
0 0.646875 0.3537037037037037 0.14375 0.11481481481481481
1 0.8947916666666667 0.03148148148148148 0.015625 0.03148148148148148
1 0.8802083333333334 0.03009259259259259 0.014583333333333334 0.032407407407407406
1 0.8661458333333333 0.03009259259259259 0.013541666666666667 0.030555555555555555
1 0.853125 0.027314814814814816 0.013541666666666667 0.026851851851851852
1 0.83828125 0.028703703703703703 0.0171875 0.027777777777777776