1 0.8380208333333333 0.028703703703703703 0.0171875 0.027777777777777776
1 0.853125 0.027314814814814816 0.013541666666666667 0.026851851851851852
1 0.8661458333333333 0.03009259259259259 0.013541666666666667 0.030555555555555555
1 0.8799479166666667 0.03009259259259259 0.014583333333333334 0.032407407407407406
1 0.89453125 0.03148148148148148 0.015625 0.03148148148148148
0 0.6466145833333333 0.35324074074074074 0.14375 0.11481481481481481
0 0.84296875 0.3972222222222222 0.04010416666666667 0.08518518518518518
0 0.7643229166666666 0.15648148148148147 0.09270833333333334 0.05740740740740741
0 0.5966145833333333 0.4722222222222222 0.0578125 0.13240740740740742
0 0.5700520833333333 0.2550925925925926 0.05260416666666667 0.075
3 0.01171875 0.4689814814814815 0.0234375 0.1361111111111111