0 0.8819635416666666 0.45499074074074075 0.02329166666666656 0.02174074074074076
0 0.6917187499999999 0.33101851851851855 0.25635416666666655 0.14722222222222223
0 0.8471354166666667 0.3990740740740741 0.0609375 0.11666666666666667
0 0.009114583333333334 0.5472222222222223 0.018229166666666668 0.040740740740740744
3 0.013020833333333334 0.46620370370370373 0.026041666666666668 0.1361111111111111
1 0.8802083333333334 0.03009259259259259 0.014583333333333334 0.032407407407407406
1 0.853125 0.027314814814814816 0.013541666666666667 0.026851851851851852
1 0.83828125 0.028703703703703703 0.0171875 0.027777777777777776
0 0.8143229166666667 0.06157407407407407 0.027604166666666666 0.11574074074074074
0 0.6018229166666667 0.4898148148148148 0.06927083333333334 0.15925925925925927
0 0.5675208333333333 0.25566666666666665 0.04309374999999989 0.07670370370370373
0 0.6330286458333333 0.20752777777777778 0.07744270833333336 0.052907407407407396
0 0.7049427083333334 0.1899814814814815 0.0605625000000001 0.030018518518518535
0 0.7724895833333334 0.15375 0.07569791666666674 0.04037037037037039