1 0.8380208333333333 0.028703703703703703 0.0171875 0.027777777777777776
1 0.853125 0.027314814814814816 0.013541666666666667 0.026851851851851852
1 0.8661458333333333 0.03009259259259259 0.013541666666666667 0.030555555555555555
1 0.8799479166666667 0.03009259259259259 0.014583333333333334 0.032407407407407406
1 0.89453125 0.03148148148148148 0.015625 0.03148148148148148
5 0.4705729166666667 0.5449074074074074 0.06927083333333334 0.12314814814814815
5 0.43802083333333336 0.4074074074074074 0.040625 0.08981481481481482
5 0.44192708333333336 0.2986111111111111 0.07447916666666667 0.125
5 0.3796875 0.20694444444444443 0.053125 0.07407407407407407
5 0.5265625 0.13657407407407407 0.030208333333333334 0.041666666666666664
5 0.6153645833333333 0.3435185185185185 0.0171875 0.09074074074074075
5 0.6854166666666667 0.5152777777777777 0.04791666666666667 0.12962962962962962
5 0.3893229166666667 0.4212962962962963 0.0390625 0.08333333333333333
5 0.64453125 0.2537037037037037 0.030208333333333334 0.06666666666666667