1 0.8380208333333333 0.028703703703703703 0.0171875 0.027777777777777776
1 0.853125 0.027314814814814816 0.013541666666666667 0.026851851851851852
1 0.8661458333333333 0.03009259259259259 0.013541666666666667 0.030555555555555555
1 0.8799479166666667 0.03009259259259259 0.014583333333333334 0.032407407407407406
1 0.89453125 0.03148148148148148 0.015625 0.03148148148148148
0 0.5109375 0.3787037037037037 0.05625 0.1925925925925926
0 0.5677083333333334 0.2023148148148148 0.07291666666666667 0.21296296296296297
0 0.6184895833333334 0.04722222222222222 0.035416666666666666 0.09074074074074075
0 0.4315104166666667 0.6111111111111112 0.050520833333333334 0.14814814814814814
0 0.3671875 0.6884259259259259 0.0609375 0.027777777777777776
0 0.29739583333333336 0.6773148148148148 0.09791666666666667 0.03425925925925926
0 0.19348958333333333 0.6861111111111111 0.109375 0.032407407407407406
0 0.07369791666666667 0.6111111111111112 0.0625 0.09259259259259259
0 0.019010416666666665 0.5611111111111111 0.03802083333333333 0.02962962962962963
0 0.9682291666666667 0.9453703703703704 0.059895833333333336 0.09074074074074075
0 0.96875 0.649537037037037 0.0625 0.16018518518518518
0 0.9640625 0.5185185185185185 0.071875 0.09259259259259259
0 0.12265625 0.6643518518518519 0.034375 0.053703703703703705
6 0.017447916666666667 0.35324074074074074 0.0328125 0.4166666666666667
6 0.15494791666666666 0.4791666666666667 0.035416666666666666 0.3814814814814815
6 0.23098958333333333 0.45601851851851855 0.041666666666666664 0.4703703703703704
6 0.18802083333333333 0.48009259259259257 0.0375 0.4074074074074074
6 0.2716145833333333 0.55 0.043229166666666666 0.22962962962962963
6 0.3190104166666667 0.537962962962963 0.035416666666666666 0.2611111111111111
6 0.37057291666666664 0.6134259259259259 0.0453125 0.14629629629629629
6 0.5434895833333333 0.45 0.043229166666666666 0.05740740740740741