0 0.44698437500000004 0.5440185185185186 0.024458333333333353 0.027944444444444504
3 0.82421875 0.37916666666666665 0.03177083333333333 0.2898148148148148
3 0.020052083333333335 0.4708333333333333 0.025520833333333333 0.225
3 0.5098958333333333 0.4527777777777778 0.030208333333333334 0.1388888888888889
3 0.6145833333333334 0.4060185185185185 0.03229166666666667 0.2601851851851852
3 0.054427083333333334 0.5064814814814815 0.043229166666666666 0.13703703703703704
3 0.47421875 0.44583333333333336 0.033854166666666664 0.16018518518518518
3 0.86796875 0.43472222222222223 0.033854166666666664 0.19166666666666668
3 0.5455729166666666 0.4263888888888889 0.03697916666666667 0.21574074074074073
3 0.4122395833333333 0.44351851851851853 0.04010416666666667 0.23148148148148148
3 0.77578125 0.38055555555555554 0.033854166666666664 0.25925925925925924
3 0.58515625 0.46805555555555556 0.03697916666666667 0.14537037037037037
3 0.09140625 0.4722222222222222 0.028645833333333332 0.21666666666666667
0 0.698046875 0.5333333333333333 0.11921875000000005 0.05555555555555555
3 0.3773932291666666 0.4977083333333333 0.032088541666666616 0.12095370370370365
3 0.9880208333333333 0.41759259259259257 0.021875 0.3074074074074074
1 0.8680572916666666 0.028398148148148148 0.013906249999999905 0.027777777777777776
1 0.8805572916666666 0.028398148148148148 0.013906249999999905 0.027777777777777776
1 0.89375 0.028398148148148148 0.013906249999999905 0.027777777777777776
1 0.8375 0.03086111111111111 0.013906249999999905 0.027777777777777776
1 0.8520833333333333 0.028398148148148148 0.013906249999999905 0.027777777777777776
0 0.12031510416666666 0.5911203703703704 0.06871354166666668 0.03105555555555552
0 0.25628125 0.5818055555555556 0.20555208333333339 0.04968518518518526
0 0.8493515625 0.5310787037037038 0.08618229166666656 0.041416666666666685
0 0.7820989583333334 0.5222777777777777 0.04600000000000008 0.04244444444444437
0 0.6012942708333333 0.5450555555555555 0.07103645833333326 0.04451851851851845
0 0.5101640625 0.5315925925925926 0.10306770833333327 0.04244444444444437
0 0.39603385416666664 0.5683425925925927 0.07511979166666667 0.04348148148148152