1 0.8802083333333334 0.03009259259259259 0.014583333333333334 0.032407407407407406
2 0.3106770833333333 0.8291666666666667 0.0328125 0.08611111111111111
2 0.5158854166666667 0.027777777777777776 0.0453125 0.05555555555555555
1 0.83828125 0.028703703703703703 0.0171875 0.027777777777777776
1 0.853125 0.027314814814814816 0.013541666666666667 0.026851851851851852
1 0.8661458333333333 0.03009259259259259 0.013541666666666667 0.030555555555555555
2 0.35182291666666665 0.3962962962962963 0.0296875 0.09074074074074075
2 0.5744791666666667 0.2212962962962963 0.058333333333333334 0.06666666666666667
2 0.43854166666666666 0.22685185185185186 0.0625 0.07407407407407407
2 0.24817708333333333 0.7458333333333333 0.03802083333333333 0.049074074074074076
2 0.18541666666666667 0.9287037037037037 0.030208333333333334 0.1
2 0.3497395833333333 0.7791666666666667 0.044270833333333336 0.0787037037037037
2 0.6161458333333333 0.037037037037037035 0.04583333333333333 0.07407407407407407
2 0.37942708333333336 0.6967592592592593 0.05364583333333333 0.06944444444444445
2 0.3924479166666667 0.5777777777777777 0.043229166666666666 0.1037037037037037
2 0.17760416666666667 0.4986111111111111 0.042708333333333334 0.06759259259259259
2 0.07890625 0.6282407407407408 0.03802083333333333 0.03981481481481482
2 0.11145833333333334 0.7875 0.042708333333333334 0.0712962962962963
1 0.8947916666666667 0.03148148148148148 0.015625 0.03148148148148148