1 0.8380208333333333 0.028703703703703703 0.0171875 0.027777777777777776
1 0.853125 0.027314814814814816 0.013541666666666667 0.026851851851851852
1 0.8661458333333333 0.03009259259259259 0.013541666666666667 0.030555555555555555
1 0.8799479166666667 0.03009259259259259 0.014583333333333334 0.032407407407407406
1 0.89453125 0.03148148148148148 0.015625 0.03148148148148148
5 0.11145833333333334 0.7870370370370371 0.042708333333333334 0.0712962962962963
5 0.04375 0.6791666666666667 0.025 0.06759259259259259
5 0.07890625 0.6282407407407408 0.03802083333333333 0.03981481481481482
5 0.17760416666666667 0.4986111111111111 0.042708333333333334 0.06759259259259259
5 0.3924479166666667 0.5777777777777777 0.043229166666666666 0.1037037037037037
5 0.37942708333333336 0.6967592592592593 0.05364583333333333 0.06944444444444445
5 0.3494791666666667 0.7787037037037037 0.044270833333333336 0.0787037037037037
5 0.21692708333333333 0.8518518518518519 0.027604166666666666 0.09259259259259259
5 0.18541666666666667 0.9282407407407407 0.030208333333333334 0.1
5 0.19322916666666667 0.7777777777777778 0.0390625 0.049074074074074076
5 0.24817708333333333 0.7453703703703703 0.03802083333333333 0.049074074074074076
5 0.3515625 0.3958333333333333 0.0296875 0.09074074074074075
5 0.43828125 0.22685185185185186 0.0625 0.07407407407407407
5 0.57421875 0.2212962962962963 0.058333333333333334 0.06666666666666667
5 0.56953125 0.4305555555555556 0.041666666666666664 0.10185185185185185
5 0.46927083333333336 0.13425925925925927 0.040625 0.1388888888888889
5 0.6158854166666666 0.037037037037037035 0.04583333333333333 0.07407407407407407
5 0.515625 0.027777777777777776 0.0453125 0.05555555555555555
2 0.4348958333333333 0.6148148148148148 0.034895833333333334 0.041666666666666664
2 0.29296875 0.537962962962963 0.049479166666666664 0.02962962962962963
2 0.5182291666666666 0.6537037037037037 0.0484375 0.02962962962962963