1 0.8380208333333333 0.028703703703703703 0.0171875 0.027777777777777776
1 0.853125 0.027314814814814816 0.013541666666666667 0.026851851851851852
1 0.8661458333333333 0.03009259259259259 0.013541666666666667 0.030555555555555555
1 0.8799479166666667 0.03009259259259259 0.014583333333333334 0.032407407407407406
1 0.89453125 0.03148148148148148 0.015625 0.03148148148148148
5 0.515625 0.5787037037037037 0.15625 0.07685185185185185
5 0.7981770833333334 0.3597222222222222 0.071875 0.07407407407407407
5 0.6658854166666667 0.08101851851851852 0.0640625 0.12777777777777777
5 0.7421875 0.17916666666666667 0.03802083333333333 0.049074074074074076
5 0.4109375 0.44305555555555554 0.11875 0.1111111111111111
5 0.5924479166666666 0.10092592592592593 0.0703125 0.11574074074074074