1 0.8380208333333333 0.028703703703703703 0.0171875 0.027777777777777776
1 0.853125 0.027314814814814816 0.013541666666666667 0.026851851851851852
1 0.8661458333333333 0.03009259259259259 0.013541666666666667 0.030555555555555555
1 0.8799479166666667 0.03009259259259259 0.014583333333333334 0.032407407407407406
1 0.89453125 0.03148148148148148 0.015625 0.03148148148148148
5 0.46015625 0.6518518518518519 0.07135416666666666 0.09074074074074075
5 0.6973958333333333 0.30185185185185187 0.051041666666666666 0.12777777777777777
5 0.6783854166666666 0.08657407407407407 0.030208333333333334 0.12962962962962962
5 0.82421875 0.10416666666666667 0.016666666666666666 0.08796296296296297
5 0.7747395833333334 0.41898148148148145 0.035416666666666666 0.053703703703703705
5 0.8520833333333333 0.6064814814814815 0.06666666666666667 0.06759259259259259
5 0.45 0.425 0.07552083333333333 0.06296296296296296
5 0.5565104166666667 0.825 0.10260416666666666 0.12222222222222222