1 0.8380208333333333 0.028703703703703703 0.0171875 0.027777777777777776
1 0.853125 0.027314814814814816 0.013541666666666667 0.026851851851851852
1 0.8661458333333333 0.03009259259259259 0.013541666666666667 0.030555555555555555
1 0.8799479166666667 0.03009259259259259 0.014583333333333334 0.032407407407407406
1 0.89453125 0.03148148148148148 0.015625 0.03148148148148148
5 0.4583333333333333 0.5509259259259259 0.06927083333333334 0.1361111111111111
5 0.7109375 0.21435185185185185 0.078125 0.1574074074074074
5 0.7955729166666666 0.325 0.035416666666666666 0.053703703703703705
5 0.6895833333333333 0.06018518518518518 0.030208333333333334 0.12037037037037036
5 0.7026041666666667 0.03009259259259259 0.040625 0.03518518518518519
5 0.8463541666666666 0.49907407407407406 0.0296875 0.05092592592592592
5 0.5065104166666666 0.549537037037037 0.044270833333333336 0.05277777777777778