1 0.8380208333333333 0.028703703703703703 0.0171875 0.027777777777777776
1 0.853125 0.027314814814814816 0.013541666666666667 0.026851851851851852
1 0.8661458333333333 0.03009259259259259 0.013541666666666667 0.030555555555555555
1 0.8799479166666667 0.03009259259259259 0.014583333333333334 0.032407407407407406
1 0.89453125 0.03148148148148148 0.015625 0.03148148148148148
5 0.5911458333333334 0.6449074074074074 0.07291666666666667 0.1175925925925926
5 0.7140625 0.8 0.07916666666666666 0.1
5 0.8182291666666667 0.09490740740740741 0.0390625 0.1
5 0.9822916666666667 0.11018518518518519 0.025 0.09722222222222222
5 0.62109375 0.4222222222222222 0.08072916666666667 0.06018518518518518
5 0.80859375 0.3736111111111111 0.04791666666666667 0.06481481481481481