1 0.8380208333333333 0.028703703703703703 0.0171875 0.027777777777777776
1 0.853125 0.027314814814814816 0.013541666666666667 0.026851851851851852
1 0.8661458333333333 0.03009259259259259 0.013541666666666667 0.030555555555555555
1 0.8799479166666667 0.03009259259259259 0.014583333333333334 0.032407407407407406
1 0.89453125 0.03148148148148148 0.015625 0.03148148148148148
5 0.46041666666666664 0.475462962962963 0.049479166666666664 0.09537037037037037
5 0.5763020833333333 0.6518518518518519 0.08697916666666666 0.13148148148148148
5 0.5971354166666667 0.41435185185185186 0.09739583333333333 0.1037037037037037
5 0.7065104166666667 0.8208333333333333 0.08489583333333334 0.14814814814814814
5 0.7986979166666667 0.3449074074074074 0.046875 0.1
5 0.8078125 0.16111111111111112 0.049479166666666664 0.11574074074074074
5 0.4791666666666667 0.350462962962963 0.06614583333333333 0.0712962962962963
5 0.5046875 0.6351851851851852 0.04791666666666667 0.08796296296296297
5 0.6411458333333333 0.6527777777777778 0.051041666666666666 0.09259259259259259
5 0.9822916666666667 0.1111111111111111 0.028645833333333332 0.08981481481481482