0 0.06266927083333333 0.5735231481481481 0.09200520833333334 0.033120370370370356
3 0.64453125 0.39537037037037037 0.033854166666666664 0.2111111111111111
3 0.15364583333333334 0.4824074074074074 0.04479166666666667 0.1425925925925926
3 0.575 0.41805555555555557 0.03958333333333333 0.15833333333333333
3 0.03203125 0.4300925925925926 0.033854166666666664 0.2675925925925926
3 0.5106770833333333 0.4166666666666667 0.033854166666666664 0.22777777777777777
3 0.7080729166666667 0.3768518518518518 0.033854166666666664 0.26296296296296295
1 0.83828125 0.026851851851851852 0.0171875 0.02962962962962963
1 0.8819427083333333 0.027157407407407404 0.013906249999999905 0.027777777777777776
1 0.8944427083333333 0.03086111111111111 0.013906249999999905 0.027777777777777776
1 0.851390625 0.027157407407407404 0.013906249999999905 0.027777777777777776
1 0.8652760416666666 0.027157407407407404 0.013906249999999905 0.027777777777777776
3 0.18359375 0.44722222222222224 0.03697916666666667 0.22407407407407406
0 0.17679947916666666 0.5605787037037038 0.13858854166666668 0.03623148148148158
0 0.35265364583333336 0.5512638888888889 0.2131197916666667 0.05486111111111111
0 0.4956067708333333 0.5357361111111112 0.06929687499999998 0.03623148148148158
0 0.5445208333333333 0.5145138888888888 0.023875000000000018 0.02899074074074069
0 0.6076979166666666 0.5051944444444445 0.09898958333333331 0.041407407407407434
0 0.6988307291666666 0.5114074074074074 0.07860937499999991 0.04348148148148152
0 0.7984010416666666 0.507787037037037 0.12169791666666659 0.050722222222222196
0 0.8755572916666667 0.48605092592592586 0.03377083333333341 0.025879629629629673
3 0.47527604166666665 0.4669027777777778 0.0340208333333333 0.11182407407407406
3 0.11614583333333334 0.4462962962962963 0.036458333333333336 0.22777777777777777
3 0.6830729166666667 0.43703703703703706 0.033854166666666664 0.14814814814814814
3 0.6114583333333333 0.42453703703703705 0.036458333333333336 0.1398148148148148