2 0.40208333333333335 0.3819444444444444 0.059375 0.09351851851851851
2 0.5380208333333333 0.3523148148148148 0.03229166666666667 0.08611111111111111
1 0.8802083333333334 0.03009259259259259 0.014583333333333334 0.032407407407407406
1 0.8947916666666667 0.03148148148148148 0.015625 0.03148148148148148
2 0.5395833333333333 0.5458333333333333 0.06875 0.09722222222222222
2 0.9885416666666667 0.7032407407407407 0.020833333333333332 0.05462962962962963
2 0.7940104166666667 0.5615740740740741 0.049479166666666664 0.08055555555555556
2 0.73125 0.48333333333333334 0.041666666666666664 0.10185185185185185
2 0.86953125 0.5782407407407407 0.033854166666666664 0.08796296296296297
2 0.86640625 0.6981481481481482 0.03802083333333333 0.03888888888888889
1 0.8661458333333333 0.03009259259259259 0.013541666666666667 0.030555555555555555
2 0.59453125 0.44305555555555554 0.05364583333333333 0.08055555555555556
2 0.453125 0.6435185185185185 0.03125 0.08333333333333333