1 0.8380208333333333 0.028703703703703703 0.0171875 0.027777777777777776
1 0.853125 0.027314814814814816 0.013541666666666667 0.026851851851851852
1 0.8661458333333333 0.03009259259259259 0.013541666666666667 0.030555555555555555
1 0.8799479166666667 0.03009259259259259 0.014583333333333334 0.032407407407407406
1 0.89453125 0.03148148148148148 0.015625 0.03148148148148148
5 0.5395833333333333 0.5453703703703704 0.06875 0.09722222222222222
5 0.4315104166666667 0.5092592592592593 0.0640625 0.06481481481481481
5 0.5377604166666666 0.35185185185185186 0.03229166666666667 0.08611111111111111
5 0.453125 0.6435185185185185 0.03125 0.08333333333333333
5 0.59453125 0.44305555555555554 0.05364583333333333 0.08055555555555556
5 0.7309895833333333 0.4828703703703704 0.041666666666666664 0.10185185185185185
5 0.8692708333333333 0.5777777777777777 0.033854166666666664 0.08796296296296297
2 0.68359375 0.6819444444444445 0.06875 0.03425925925925926
5 0.7747395833333334 0.6953703703703704 0.049479166666666664 0.03518518518518519
5 0.86640625 0.6981481481481482 0.03802083333333333 0.03888888888888889