1 0.8380208333333333 0.028703703703703703 0.0171875 0.027777777777777776
1 0.853125 0.027314814814814816 0.013541666666666667 0.026851851851851852
1 0.8661458333333333 0.03009259259259259 0.013541666666666667 0.030555555555555555
1 0.8799479166666667 0.03009259259259259 0.014583333333333334 0.032407407407407406
1 0.89453125 0.03148148148148148 0.015625 0.03148148148148148
3 0.39348958333333334 0.387037037037037 0.06197916666666667 0.05648148148148148
3 0.434375 0.42314814814814816 0.043229166666666666 0.040740740740740744
3 0.5098958333333333 0.538425925925926 0.0640625 0.025925925925925925
3 0.47994791666666664 0.41805555555555557 0.0484375 0.03981481481481482
3 0.6744791666666666 0.4537037037037037 0.08854166666666667 0.032407407407407406
3 0.54296875 0.42777777777777776 0.027604166666666666 0.028703703703703703
3 0.5924479166666666 0.5921296296296297 0.0234375 0.019444444444444445
5 0.7361979166666667 0.7439814814814815 0.050520833333333334 0.10833333333333334
5 0.6497395833333334 0.8347222222222223 0.0546875 0.10833333333333334
5 0.7635416666666667 0.8657407407407407 0.030208333333333334 0.06481481481481481
5 0.4674479166666667 0.5518518518518518 0.035416666666666666 0.05740740740740741