1 0.8380208333333333 0.028703703703703703 0.0171875 0.027777777777777776
1 0.853125 0.027314814814814816 0.013541666666666667 0.026851851851851852
1 0.8661458333333333 0.03009259259259259 0.013541666666666667 0.030555555555555555
1 0.8799479166666667 0.03009259259259259 0.014583333333333334 0.032407407407407406
1 0.89453125 0.03148148148148148 0.015625 0.03148148148148148
3 0.62265625 0.5398148148148149 0.06822916666666666 0.04537037037037037
3 0.66171875 0.5800925925925926 0.0421875 0.037037037037037035
3 0.7145833333333333 0.5768518518518518 0.034375 0.03333333333333333
3 0.77109375 0.5851851851851851 0.03333333333333333 0.026851851851851852
3 0.7377604166666667 0.6990740740740741 0.0703125 0.03518518518518519
3 0.8166666666666667 0.7541666666666667 0.023958333333333335 0.026851851851851852
3 0.8763020833333334 0.6148148148148148 0.043229166666666666 0.03981481481481482
3 0.68984375 0.5810185185185185 0.025520833333333333 0.037037037037037035
5 0.44192708333333336 0.42592592592592593 0.09739583333333333 0.06759259259259259
5 0.5057291666666667 0.5611111111111111 0.06354166666666666 0.09074074074074075
5 0.9565104166666667 0.8981481481481481 0.041666666666666664 0.10185185185185185
2 0.5703125 0.6861111111111111 0.0921875 0.02962962962962963