1 0.8380208333333333 0.028703703703703703 0.0171875 0.027777777777777776
1 0.853125 0.027314814814814816 0.013541666666666667 0.026851851851851852
1 0.8661458333333333 0.03009259259259259 0.013541666666666667 0.030555555555555555
1 0.8799479166666667 0.03009259259259259 0.014583333333333334 0.032407407407407406
1 0.89453125 0.03148148148148148 0.015625 0.03148148148148148
5 0.5078125 0.5430555555555555 0.06770833333333333 0.05277777777777778
5 0.4044270833333333 0.40370370370370373 0.1109375 0.11851851851851852
5 0.4856770833333333 0.3333333333333333 0.0546875 0.09537037037037037
5 0.5434895833333333 0.23703703703703705 0.05364583333333333 0.07592592592592592
5 0.6049479166666667 0.10416666666666667 0.0625 0.13703703703703704
5 0.684375 0.07777777777777778 0.06875 0.1
5 0.7453125 0.2439814814814815 0.028645833333333332 0.06759259259259259
5 0.7989583333333333 0.23055555555555557 0.044270833333333336 0.09444444444444444
5 0.7856770833333333 0.09861111111111111 0.09375 0.062037037037037036
5 0.8950520833333333 0.07037037037037037 0.0625 0.03518518518518519
5 0.4231770833333333 0.5912037037037037 0.0390625 0.07407407407407407
5 0.37578125 0.16342592592592592 0.0796875 0.09907407407407408
5 0.3419270833333333 0.600925925925926 0.034895833333333334 0.08518518518518518
5 0.62421875 0.4097222222222222 0.0484375 0.09074074074074075