1 0.8380208333333333 0.028703703703703703 0.0171875 0.027777777777777776
1 0.853125 0.027314814814814816 0.013541666666666667 0.026851851851851852
1 0.8661458333333333 0.03009259259259259 0.013541666666666667 0.030555555555555555
1 0.8799479166666667 0.03009259259259259 0.014583333333333334 0.032407407407407406
1 0.89453125 0.03148148148148148 0.015625 0.03148148148148148
5 0.53828125 0.3972222222222222 0.041666666666666664 0.1037037037037037
5 0.47578125 0.3763888888888889 0.036458333333333336 0.06481481481481481
5 0.4421875 0.5717592592592593 0.044270833333333336 0.125
5 0.60625 0.5148148148148148 0.044270833333333336 0.1
5 0.5268229166666667 0.5708333333333333 0.0453125 0.058333333333333334
5 0.6427083333333333 0.21898148148148147 0.049479166666666664 0.09259259259259259
5 0.7109375 0.3921296296296296 0.0609375 0.08333333333333333
5 0.7018229166666666 0.08888888888888889 0.0546875 0.125
5 0.8880208333333334 0.06712962962962964 0.09895833333333333 0.04814814814814815
5 0.5846354166666666 0.30648148148148147 0.04791666666666667 0.07592592592592592