2 0.9924479166666667 0.08472222222222223 0.015104166666666667 0.07685185185185185
2 0.47604166666666664 0.3768518518518518 0.036458333333333336 0.06481481481481481
2 0.6065104166666667 0.5148148148148148 0.044270833333333336 0.1
2 0.5268229166666667 0.5708333333333333 0.0453125 0.058333333333333334
2 0.64296875 0.21944444444444444 0.049479166666666664 0.09259259259259259
2 0.7111979166666667 0.3925925925925926 0.0609375 0.08333333333333333
2 0.7018229166666666 0.08935185185185185 0.0546875 0.125
2 0.5848958333333333 0.30648148148148147 0.04791666666666667 0.07592592592592592
1 0.8947916666666667 0.03148148148148148 0.015625 0.03148148148148148
2 0.6765625 0.175 0.021875 0.05185185185185185
1 0.83828125 0.028703703703703703 0.0171875 0.027777777777777776
1 0.8802083333333334 0.03009259259259259 0.014583333333333334 0.032407407407407406