2 0.6557291666666667 0.24953703703703703 0.05416666666666667 0.10277777777777777
1 0.853125 0.027314814814814816 0.013541666666666667 0.026851851851851852
1 0.8947916666666667 0.03148148148148148 0.015625 0.03148148148148148
2 0.48385416666666664 0.5458333333333333 0.1 0.14351851851851852
2 0.6059895833333333 0.3282407407407407 0.0453125 0.09722222222222222
2 0.5419270833333333 0.3189814814814815 0.034895833333333334 0.06944444444444445
2 0.721875 0.13935185185185187 0.05625 0.09537037037037037
2 0.5963541666666666 0.5055555555555555 0.041666666666666664 0.07222222222222222
2 0.6770833333333334 0.475462962962963 0.041666666666666664 0.09537037037037037
2 0.7861979166666667 0.3439814814814815 0.0546875 0.1175925925925926
2 0.9846354166666667 0.13935185185185187 0.024479166666666666 0.0824074074074074
2 0.5502604166666667 0.07314814814814814 0.06822916666666666 0.07222222222222222
2 0.51875 0.1787037037037037 0.06666666666666667 0.06296296296296296
2 0.7697916666666667 0.032407407407407406 0.042708333333333334 0.06111111111111111