1 0.853125 0.027314814814814816 0.013541666666666667 0.026851851851851852
1 0.83828125 0.028703703703703703 0.0171875 0.027777777777777776
1 0.8802083333333334 0.03009259259259259 0.014583333333333334 0.032407407407407406
2 0.5502604166666667 0.5662037037037037 0.11197916666666667 0.08981481481481482
2 0.68046875 0.39861111111111114 0.043229166666666666 0.05277777777777778
2 0.7411458333333333 0.26851851851851855 0.04583333333333333 0.07407407407407407
2 0.484375 0.7486111111111111 0.026041666666666668 0.08981481481481482
2 0.6036458333333333 0.48518518518518516 0.042708333333333334 0.06481481481481481
2 0.6544270833333333 0.6990740740740741 0.03802083333333333 0.07407407407407407
2 0.9877604166666667 0.1884259259259259 0.0171875 0.0712962962962963
2 0.9565104166666667 0.3662037037037037 0.024479166666666666 0.05277777777777778
2 0.81015625 0.2490740740740741 0.034895833333333334 0.07407407407407407
2 0.5049479166666667 0.2986111111111111 0.033854166666666664 0.0787037037037037
2 0.5416666666666666 0.3458333333333333 0.036458333333333336 0.06759259259259259
2 0.63671875 0.49537037037037035 0.030729166666666665 0.08518518518518518
2 0.7497395833333333 0.5833333333333334 0.05260416666666667 0.08518518518518518
2 0.7153645833333333 0.3476851851851852 0.028645833333333332 0.08981481481481482