1 0.8380208333333333 0.028703703703703703 0.0171875 0.027777777777777776
1 0.853125 0.027314814814814816 0.013541666666666667 0.026851851851851852
1 0.8661458333333333 0.03009259259259259 0.013541666666666667 0.030555555555555555
1 0.8799479166666667 0.03009259259259259 0.014583333333333334 0.032407407407407406
1 0.89453125 0.03148148148148148 0.015625 0.03148148148148148
5 0.55 0.5662037037037037 0.11197916666666667 0.08981481481481482
5 0.4942708333333333 0.42916666666666664 0.05625 0.06481481481481481
5 0.68046875 0.39814814814814814 0.043229166666666666 0.05277777777777778
5 0.7408854166666666 0.26851851851851855 0.04583333333333333 0.07407407407407407
5 0.5630208333333333 0.7490740740740741 0.035416666666666666 0.06666666666666667
5 0.484375 0.7486111111111111 0.026041666666666668 0.08981481481481482
5 0.6036458333333333 0.4847222222222222 0.042708333333333334 0.06481481481481481
5 0.6544270833333333 0.6990740740740741 0.03802083333333333 0.07407407407407407
5 0.98828125 0.36574074074074076 0.0234375 0.046296296296296294
5 0.9877604166666667 0.1884259259259259 0.0171875 0.0712962962962963
5 0.8885416666666667 0.40046296296296297 0.021875 0.041666666666666664
5 0.9565104166666667 0.36574074074074076 0.024479166666666666 0.05277777777777778
5 0.8098958333333334 0.24861111111111112 0.034895833333333334 0.07407407407407407
5 0.5046875 0.2986111111111111 0.033854166666666664 0.0787037037037037
5 0.5723958333333333 0.4083333333333333 0.03229166666666667 0.07592592592592592
5 0.5416666666666666 0.3458333333333333 0.036458333333333336 0.06759259259259259