1 0.8380208333333333 0.028703703703703703 0.0171875 0.027777777777777776
1 0.853125 0.027314814814814816 0.013541666666666667 0.026851851851851852
1 0.8661458333333333 0.03009259259259259 0.013541666666666667 0.030555555555555555
1 0.8799479166666667 0.03009259259259259 0.014583333333333334 0.032407407407407406
1 0.89453125 0.03148148148148148 0.015625 0.03148148148148148
0 0.07421875 0.5592592592592592 0.06354166666666666 0.023148148148148147
0 0.19010416666666666 0.5912037037037037 0.09895833333333333 0.04351851851851852
0 0.375 0.5592592592592592 0.1734375 0.06018518518518518
0 0.51484375 0.538425925925926 0.125 0.037037037037037035
0 0.59296875 0.5592592592592592 0.05572916666666667 0.05092592592592592
0 0.8229166666666666 0.5634259259259259 0.13541666666666666 0.07407407407407407
0 0.265625 0.5907407407407408 0.0546875 0.06111111111111111
0 0.12395833333333334 0.5722222222222222 0.04895833333333333 0.026851851851851852
0 0.6458333333333334 0.5986111111111111 0.04583333333333333 0.020370370370370372
0 0.7161458333333334 0.5898148148148148 0.09270833333333334 0.03333333333333333
6 0.20234375 0.5 0.03125 0.1574074074074074
6 0.32369791666666664 0.4861111111111111 0.034895833333333334 0.1361111111111111
6 0.278125 0.4597222222222222 0.040625 0.21296296296296297
6 0.12760416666666666 0.4546296296296296 0.027604166666666666 0.2111111111111111
6 0.09322916666666667 0.46620370370370373 0.025 0.19444444444444445
6 0.06848958333333334 0.41759259259259257 0.022395833333333334 0.2759259259259259
6 0.596875 0.4550925925925926 0.035416666666666666 0.17592592592592593
2 0.6450520833333333 0.5810185185185185 0.0453125 0.03518518518518519
2 0.7122395833333334 0.5847222222222223 0.06875 0.027777777777777776