0 0.8758463541666667 0.4829444444444444 0.03668229166666658 0.02174074074074076
1 0.8659739583333332 0.028398148148148148 0.013906249999999905 0.027777777777777776
1 0.879859375 0.028398148148148148 0.013906249999999905 0.027777777777777776
1 0.8930572916666666 0.028398148148148148 0.013906249999999905 0.027777777777777776
0 0.05917447916666666 0.5704166666666666 0.085015625 0.026907407407407356
0 0.17068489583333335 0.5631712962962964 0.13683854166666667 0.026916666666666606
1 0.851390625 0.028398148148148148 0.013906249999999905 0.027777777777777776
0 0.49094791666666665 0.5347037037037037 0.05997916666666671 0.03416666666666675
0 0.5398619791666666 0.5212407407407407 0.03202604166666661 0.040370370370370286
3 0.5036458333333333 0.41574074074074074 0.03333333333333333 0.23333333333333334
0 0.35007812499999996 0.5541666666666667 0.2178645833333333 0.05462962962962963
3 0.7078125 0.37592592592592594 0.034375 0.26481481481481484
3 0.03177083333333333 0.4305555555555556 0.035416666666666666 0.26851851851851855
3 0.15208333333333332 0.4847222222222222 0.04479166666666667 0.14166666666666666
3 0.57265625 0.41712962962962963 0.03802083333333333 0.15833333333333333
3 0.18411458333333333 0.44537037037037036 0.0390625 0.22777777777777777
3 0.6434895833333333 0.39490740740740743 0.033854166666666664 0.2101851851851852
3 0.11458333333333333 0.44722222222222224 0.03854166666666667 0.22592592592592592
3 0.68125 0.4388888888888889 0.035416666666666666 0.14814814814814814
3 0.609375 0.425 0.035416666666666666 0.1388888888888889
1 0.8380208333333333 0.026851851851851852 0.017708333333333333 0.02962962962962963
0 0.6079895833333334 0.5057175925925926 0.1053958333333334 0.0341574074074075
0 0.697375 0.5072685185185184 0.06987499999999992 0.02070370370370361
0 0.7954921875000001 0.4979537037037037 0.12635937500000008 0.03105555555555552