1 0.8380208333333333 0.028703703703703703 0.0171875 0.027777777777777776
1 0.853125 0.027314814814814816 0.013541666666666667 0.026851851851851852
1 0.8661458333333333 0.03009259259259259 0.013541666666666667 0.030555555555555555
1 0.8799479166666667 0.03009259259259259 0.014583333333333334 0.032407407407407406
1 0.89453125 0.03148148148148148 0.015625 0.03148148148148148
4 0.73125 0.4787037037037037 0.011979166666666667 0.020370370370370372
6 0.7799479166666666 0.3587962962962963 0.040625 0.29814814814814816
6 0.3341145833333333 0.5254629629629629 0.036458333333333336 0.13148148148148148
2 0.04114583333333333 0.43148148148148147 0.08072916666666667 0.02962962962962963
4 0.13541666666666666 0.37824074074074077 0.08489583333333334 0.09907407407407408
4 0.2557291666666667 0.38333333333333336 0.10677083333333333 0.125
4 0.4158854166666667 0.5657407407407408 0.078125 0.08518518518518518
4 0.54375 0.5888888888888889 0.06666666666666667 0.1037037037037037
4 0.5572916666666666 0.5101851851851852 0.058854166666666666 0.09074074074074075
4 0.5997395833333333 0.41574074074074074 0.057291666666666664 0.13148148148148148
4 0.64375 0.4875 0.06145833333333333 0.046296296296296294
4 0.7513020833333334 0.5055555555555555 0.13958333333333334 0.07592592592592592
4 0.85078125 0.4527777777777778 0.052083333333333336 0.06944444444444445
4 0.4822916666666667 0.5453703703703704 0.058333333333333334 0.1
4 0.3380208333333333 0.6236111111111111 0.08229166666666667 0.05555555555555555
4 0.07552083333333333 0.4513888888888889 0.0453125 0.03888888888888889
4 0.19192708333333333 0.3541666666666667 0.022395833333333334 0.09722222222222222
4 0.28072916666666664 0.6444444444444445 0.0375 0.044444444444444446
4 0.3 0.47453703703703703 0.04791666666666667 0.08518518518518518