1 0.8380208333333333 0.028703703703703703 0.0171875 0.027777777777777776
1 0.853125 0.027314814814814816 0.013541666666666667 0.026851851851851852
1 0.8661458333333333 0.03009259259259259 0.013541666666666667 0.030555555555555555
1 0.8799479166666667 0.03009259259259259 0.014583333333333334 0.032407407407407406
1 0.89453125 0.03148148148148148 0.015625 0.03148148148148148
3 0.4552083333333333 0.4203703703703704 0.084375 0.0787037037037037
3 0.4609375 0.5333333333333333 0.08854166666666667 0.016666666666666666
3 0.528125 0.5361111111111111 0.019791666666666666 0.016666666666666666
3 0.5966145833333333 0.5453703703703704 0.075 0.04351851851851852
3 0.6049479166666667 0.4356481481481482 0.03229166666666667 0.03796296296296296
3 0.7627604166666667 0.4726851851851852 0.03177083333333333 0.04259259259259259
3 0.38307291666666665 0.538425925925926 0.0265625 0.020370370370370372
5 0.7356770833333334 0.6310185185185185 0.04791666666666667 0.09537037037037037
5 0.6458333333333334 0.4388888888888889 0.0296875 0.11296296296296296
5 0.5598958333333334 0.4337962962962963 0.043229166666666666 0.05555555555555555
5 0.5109375 0.5662037037037037 0.019791666666666666 0.08611111111111111
5 0.55 0.5509259259259259 0.018229166666666668 0.049074074074074076
5 0.7348958333333333 0.7777777777777778 0.05625 0.10185185185185185
5 0.83984375 0.8703703703703703 0.042708333333333334 0.05277777777777778
5 0.9393229166666667 0.8578703703703704 0.1078125 0.06759259259259259
5 0.98828125 0.7 0.0234375 0.11296296296296296
5 0.8729166666666667 0.6861111111111111 0.042708333333333334 0.11296296296296296