1 0.8380208333333333 0.028703703703703703 0.0171875 0.027777777777777776
1 0.853125 0.027314814814814816 0.013541666666666667 0.026851851851851852
1 0.8661458333333333 0.03009259259259259 0.013541666666666667 0.030555555555555555
1 0.8799479166666667 0.03009259259259259 0.014583333333333334 0.032407407407407406
1 0.89453125 0.03148148148148148 0.015625 0.03148148148148148
3 0.45390625 0.5462962962962963 0.08697916666666666 0.03981481481481482
3 0.49921875 0.4199074074074074 0.034895833333333334 0.062037037037037036
3 0.5442708333333334 0.5476851851851852 0.026041666666666668 0.049074074074074076
5 0.5143229166666666 0.5564814814814815 0.040625 0.08796296296296297
5 0.5611979166666666 0.35509259259259257 0.09635416666666667 0.05555555555555555
5 0.7291666666666666 0.600462962962963 0.046875 0.049074074074074076
5 0.4609375 0.4199074074074074 0.041666666666666664 0.07407407407407407
5 0.8380208333333333 0.4546296296296296 0.035416666666666666 0.0787037037037037
5 0.8692708333333333 0.4666666666666667 0.040625 0.06296296296296296