2 0.8692708333333333 0.4666666666666667 0.040625 0.06296296296296296
2 0.4609375 0.4203703703703704 0.041666666666666664 0.07407407407407407
2 0.7291666666666666 0.600462962962963 0.046875 0.049074074074074076
2 0.5611979166666666 0.35555555555555557 0.09635416666666667 0.05555555555555555
1 0.83828125 0.028703703703703703 0.0171875 0.027777777777777776
1 0.853125 0.027314814814814816 0.013541666666666667 0.026851851851851852
1 0.8661458333333333 0.03009259259259259 0.013541666666666667 0.030555555555555555
1 0.8802083333333334 0.03009259259259259 0.014583333333333334 0.032407407407407406
1 0.8947916666666667 0.03148148148148148 0.015625 0.03148148148148148
2 0.5145833333333333 0.5569444444444445 0.040625 0.08796296296296297
2 0.3984375 0.3990740740740741 0.07604166666666666 0.08888888888888889
2 0.6888020833333334 0.5921296296296297 0.019270833333333334 0.04722222222222222