1 0.8380208333333333 0.028703703703703703 0.0171875 0.027777777777777776
1 0.853125 0.027314814814814816 0.013541666666666667 0.026851851851851852
1 0.8661458333333333 0.03009259259259259 0.013541666666666667 0.030555555555555555
1 0.8799479166666667 0.03009259259259259 0.014583333333333334 0.032407407407407406
1 0.89453125 0.03148148148148148 0.015625 0.03148148148148148
5 0.3536458333333333 0.5509259259259259 0.0703125 0.10462962962962963
5 0.4205729166666667 0.6736111111111112 0.06510416666666667 0.1037037037037037
5 0.6119791666666666 0.5564814814814815 0.07447916666666667 0.06944444444444445
5 0.5486979166666667 0.6657407407407407 0.07291666666666667 0.07222222222222222
5 0.4861979166666667 0.287962962962963 0.05572916666666667 0.11296296296296296
5 0.7690104166666667 0.8342592592592593 0.0484375 0.13703703703703704
5 0.6861979166666666 0.6703703703703704 0.044270833333333336 0.09444444444444444
5 0.8158854166666667 0.9375 0.046875 0.07222222222222222