0 0.6892213541666666 0.5196944444444445 0.07103645833333326 0.041407407407407434
3 0.6778645833333333 0.43796296296296294 0.03802083333333333 0.14629629629629629
3 0.7028645833333333 0.37777777777777777 0.030729166666666665 0.2611111111111111
3 0.02734375 0.43148148148148147 0.033854166666666664 0.26851851851851855
3 0.49921875 0.4166666666666667 0.0296875 0.22407407407407406
3 0.5861979166666667 0.4236111111111111 0.049479166666666664 0.15462962962962962
1 0.8377604166666667 0.027314814814814816 0.018229166666666668 0.030555555555555555
1 0.8527760416666667 0.027157407407407404 0.013906249999999905 0.027777777777777776
1 0.8659739583333332 0.027157407407407404 0.013906249999999905 0.027777777777777776
1 0.8791666666666667 0.02962962962962963 0.013906249999999905 0.027777777777777776
1 0.8930572916666666 0.02962962962962963 0.013906249999999905 0.027777777777777776
0 0.0542265625 0.5698981481481482 0.08559895833333334 0.030018518518518587
0 0.172140625 0.5616157407407407 0.14557291666666666 0.038305555555555454
0 0.3471197916666667 0.5414305555555555 0.20321875000000003 0.043472222222222266
0 0.4886171875 0.5362546296296296 0.07395312500000001 0.043472222222222266
0 0.5378229166666667 0.5171018518518519 0.019802083333333324 0.05279629629629628
0 0.6018749999999999 0.5010601851851851 0.09898958333333331 0.03726851851851852
3 0.6403645833333333 0.39444444444444443 0.030729166666666665 0.20925925925925926
0 0.7922864583333332 0.4969166666666666 0.13392708333333328 0.03105555555555552
0 0.8726458333333333 0.4958842592592592 0.04192708333333333 0.04554629629629635
3 0.11067708333333333 0.44675925925925924 0.03697916666666667 0.225
3 0.17864583333333334 0.44583333333333336 0.036458333333333336 0.22314814814814815
3 0.6049479166666667 0.42314814814814816 0.03697916666666667 0.13703703703703704
3 0.14713541666666666 0.4837962962962963 0.044270833333333336 0.14351851851851852
3 0.5677083333333334 0.41805555555555557 0.0375 0.16018518518518518