22 0.26927083333333335 0.04212962962962963 0.015625 0.030555555555555555
16 0.1875 0.04537037037037037 0.015104166666666667 0.023148148148148147
6 0.13307291666666668 0.043055555555555555 0.013020833333333334 0.03425925925925926
24 0.0515625 0.043055555555555555 0.017708333333333333 0.03796296296296296
27 0.050520833333333334 0.09074074074074075 0.017708333333333333 0.03148148148148148
27 0.07994791666666666 0.0912037037037037 0.026041666666666668 0.046296296296296294
14 0.13307291666666668 0.09166666666666666 0.0140625 0.02962962962962963
4 0.07942708333333333 0.1388888888888889 0.028645833333333332 0.04351851851851852
4 0.10494791666666667 0.14074074074074075 0.016666666666666666 0.028703703703703703
23 0.13307291666666668 0.1412037037037037 0.0140625 0.026851851851851852
4 0.16015625 0.14074074074074075 0.015625 0.026851851851851852
4 0.18802083333333333 0.14027777777777778 0.014583333333333334 0.027777777777777776
20 0.05 0.18796296296296297 0.009375 0.023148148148148147
5 0.07786458333333333 0.18796296296296297 0.014583333333333334 0.03148148148148148
36 0.215625 0.18564814814814815 0.011979166666666667 0.021296296296296296
36 0.10598958333333333 0.23472222222222222 0.0109375 0.023148148148148147
4 0.24166666666666667 0.13935185185185187 0.01875 0.026851851851851852
23 0.27057291666666666 0.14027777777777778 0.0140625 0.025
23 0.21484375 0.1375 0.013541666666666667 0.03148148148148148
31 0.5260416666666666 0.825462962962963 0.0171875 0.030555555555555555
31 0.2 0.8796296296296297 0.027083333333333334 0.037037037037037035
29 0.5416666666666666 0.7444444444444445 0.011979166666666667 0.2796296296296296
28 0.0234375 0.19074074074074074 0.026041666666666668 0.04814814814814815
7 0.9604166666666667 0.5087962962962963 0.016145833333333335 0.020370370370370372
19 0.9596354166666666 0.5564814814814815 0.015104166666666667 0.020370370370370372
37 0.02578125 0.45787037037037037 0.015104166666666667 0.01574074074074074