22 0.27109375 0.04259259259259259 0.034895833333333334 0.044444444444444446
11 0.5138020833333333 0.449537037037037 0.01875 0.030555555555555555
33 0.10598958333333333 0.49537037037037035 0.0125 0.025925925925925925
27 0.18932291666666667 0.23935185185185184 0.024479166666666666 0.05092592592592592
4 0.21510416666666668 0.2375 0.0296875 0.049074074074074076
16 0.24270833333333333 0.23703703703703705 0.030729166666666665 0.05648148148148148
23 0.24244791666666668 0.18981481481481483 0.029166666666666667 0.05462962962962963
9 0.10598958333333333 0.18703703703703703 0.016145833333333335 0.028703703703703703
36 0.07916666666666666 0.23703703703703705 0.0171875 0.03518518518518519
23 0.18802083333333333 0.18981481481481483 0.0265625 0.04259259259259259
27 0.16145833333333334 0.1375 0.027604166666666666 0.04814814814814815
18 0.21588541666666666 0.04212962962962963 0.027604166666666666 0.053703703703703705
28 0.16223958333333333 0.2324074074074074 0.027604166666666666 0.04814814814814815
29 0.027864583333333335 0.6560185185185186 0.0296875 0.04351851851851852
23 0.025520833333333333 0.18518518518518517 0.030208333333333334 0.049074074074074076
37 0.0265625 0.8050925925925926 0.014583333333333334 0.028703703703703703