11 0.5604166666666667 0.4222222222222222 0.027083333333333334 0.041666666666666664
35 0.46536458333333336 0.524074074074074 0.015625 0.02962962962962963
35 0.7981770833333334 0.5486111111111112 0.011458333333333333 0.03888888888888889
38 0.1296875 0.5217592592592593 0.0234375 0.062037037037037036
38 0.0890625 0.524074074074074 0.0234375 0.06666666666666667
9 0.21510416666666668 0.04259259259259259 0.0125 0.023148148148148147
7 0.9598958333333333 0.5087962962962963 0.015104166666666667 0.020370370370370372
19 0.9598958333333333 0.5560185185185185 0.013541666666666667 0.021296296296296296
13 0.14869791666666668 0.525 0.029166666666666667 0.028703703703703703
37 0.02578125 0.5092592592592593 0.016145833333333335 0.016666666666666666
20 0.16041666666666668 0.08888888888888889 0.008333333333333333 0.025
3 0.07786458333333333 0.0412037037037037 0.0171875 0.022222222222222223
11 0.18697916666666667 0.23703703703703705 0.016666666666666666 0.021296296296296296
2 0.315625 0.12314814814814815 0.00625 0.024074074074074074
2 0.3145833333333333 0.19027777777777777 0.005729166666666666 0.025925925925925925
8 0.24166666666666667 0.23796296296296296 0.018229166666666668 0.026851851851851852
33 0.16048437499999998 0.041666666666666664 0.013671875 0.02546296296296296