11 0.3619791666666667 0.37175925925925923 0.029166666666666667 0.037037037037037035
20 0.51875 0.5069444444444444 0.018229166666666668 0.044444444444444446
11 0.1875 0.23842592592592593 0.027604166666666666 0.053703703703703705
9 0.21458333333333332 0.04259259259259259 0.015104166666666667 0.023148148148148147
20 0.1609375 0.08935185185185185 0.010416666666666666 0.022222222222222223
36 0.13385416666666666 0.23425925925925925 0.014583333333333334 0.020370370370370372
36 0.078125 0.2337962962962963 0.013541666666666667 0.025
7 0.96015625 0.5083333333333333 0.014583333333333334 0.020370370370370372
19 0.96015625 0.5569444444444445 0.0140625 0.023148148148148147
38 0.12057291666666667 0.5152777777777777 0.0171875 0.049074074074074076
8 0.24192708333333332 0.2351851851851852 0.017708333333333333 0.025925925925925925
38 0.09863541666666667 0.5156296296296297 0.020182291666666668 0.04282407407407408
22 0.26855729166666664 0.04340740740740741 0.013671875 0.03125
8 0.27051041666666664 0.18518518518518517 0.017578125 0.027777777777777776
8 0.078453125 0.5243055555555556 0.024088541666666668 0.034722222222222224
23 0.18717708333333333 0.1348425925925926 0.013671875 0.019675925925925927
23 0.2682291666666667 0.1388888888888889 0.010416666666666666 0.020833333333333332
23 0.05078125 0.18287037037037038 0.01171875 0.023148148148148147