12 0.6205729166666667 0.5476851851851852 0.0953125 0.15462962962962962
37 0.8192708333333333 0.5444444444444444 0.016145833333333335 0.021296296296296296
1 0.8692708333333333 0.5291666666666667 0.019791666666666666 0.026851851851851852
13 0.8895833333333333 0.5268518518518519 0.024479166666666666 0.04259259259259259
9 0.21536458333333333 0.043055555555555555 0.011979166666666667 0.024074074074074074
7 0.9598958333333333 0.5087962962962963 0.015104166666666667 0.020370370370370372
19 0.9598958333333333 0.5578703703703703 0.011458333333333333 0.019444444444444445
3 0.07786458333333333 0.044444444444444446 0.016145833333333335 0.02962962962962963
37 0.025520833333333333 0.6555555555555556 0.013541666666666667 0.014814814814814815
20 0.16041666666666668 0.08935185185185185 0.008333333333333333 0.019444444444444445
22 0.26855729166666664 0.039935185185185185 0.016276041666666668 0.03819444444444445
22 0.024088541666666668 0.2349537037037037 0.018229166666666668 0.027777777777777776