20 0.35234375 0.3055555555555556 0.0171875 0.046296296296296294
9 0.21510416666666668 0.04212962962962963 0.0125 0.024074074074074074
20 0.16015625 0.09074074074074075 0.008854166666666666 0.019444444444444445
7 0.9598958333333333 0.5074074074074074 0.015104166666666667 0.019444444444444445
19 0.9598958333333333 0.5574074074074075 0.0140625 0.021296296296296296
1 0.5125 0.5097222222222222 0.016666666666666666 0.022222222222222223
11 0.18828125 0.2351851851851852 0.018229166666666668 0.021296296296296296
2 0.02578125 0.5101851851851852 0.00625 0.02962962962962963
36 0.10598958333333333 0.2337962962962963 0.013020833333333334 0.021296296296296296
8 0.5880208333333333 0.5083333333333333 0.019791666666666666 0.027777777777777776
38 0.26660416666666664 0.5121574074074075 0.017578125 0.05439814814814815
8 0.24186458333333333 0.18808333333333332 0.020182291666666668 0.028935185185185185
8 0.026041666666666668 0.23669444444444443 0.01953125 0.03356481481481482
23 0.24283854166666666 0.1383148148148148 0.013020833333333334 0.028935185185185185
23 0.051432291666666664 0.1840277777777778 0.010416666666666666 0.016203703703703703
23 0.10546875 0.1869259259259259 0.010416666666666666 0.02199074074074074
33 0.10546875 0.09085185185185185 0.015625 0.02662037037037037