5 0.02578125 0.6064814814814815 0.016145833333333335 0.024074074074074074
0 0.9606770833333333 0.5074074074074074 0.015104166666666667 0.018518518518518517
2 0.9604166666666667 0.5574074074074075 0.013541666666666667 0.025925925925925925
1 0.02578125 0.8050925925925926 0.016145833333333335 0.025925925925925925
0 0.45338541666666665 0.3662037037037037 0.014583333333333334 0.017592592592592594
2 0.4783854166666667 0.36435185185185187 0.013020833333333334 0.025925925925925925
1 0.43046875 0.36527777777777776 0.016145833333333335 0.025925925925925925
0 0.026822916666666665 0.8569444444444444 0.018229166666666668 0.022222222222222223
5 0.5083333333333333 0.5087962962962963 0.019270833333333334 0.023148148148148147
1 0.9598958333333333 0.4601851851851852 0.016666666666666666 0.025925925925925925
4 0.05546875 0.5953703703703703 0.015104166666666667 0.024074074074074074
