27 0.026041666666666668 0.1875 0.013020833333333334 0.027777777777777776
13 0.5130208333333334 0.5041666666666667 0.024479166666666666 0.040740740740740744
16 0.051041666666666666 0.18472222222222223 0.0109375 0.022222222222222223
23 0.05078125 0.23553703703703704 0.013020833333333334 0.02199074074074074
35 0.3531927083333333 0.5567129629629629 0.009765625 0.02546296296296296
35 0.43652604166666664 0.5428240740740741 0.011067708333333334 0.027777777777777776
35 0.16015625 0.04225 0.013020833333333334 0.028935185185185185
35 0.5703125 0.5092592592592593 0.009114583333333334 0.02546296296296296
35 0.654625 0.5816018518518519 0.009765625 0.02199074074074074
35 0.72884375 0.5381944444444444 0.012369791666666666 0.02546296296296296
8 0.105796875 0.1400462962962963 0.017578125 0.03009259259259259
23 0.16080729166666666 0.1909722222222222 0.010416666666666666 0.023148148148148147
14 0.10449479166666667 0.2361111111111111 0.012369791666666666 0.023148148148148147