27 0.16145833333333334 0.08981481481481482 0.013020833333333334 0.03148148148148148
28 0.24192708333333332 0.09027777777777778 0.0125 0.032407407407407406
31 0.6473958333333333 0.41574074074074074 0.017708333333333333 0.025
8 0.18828125 0.23657407407407408 0.019791666666666666 0.026851851851851852
35 0.2701822916666667 0.4635462962962963 0.010416666666666666 0.028935185185185185
35 0.38671875 0.41898148148148145 0.006510416666666667 0.018518518518518517
35 0.494140625 0.36053703703703704 0.013020833333333334 0.017361111111111112
35 0.568359375 0.3912037037037037 0.010416666666666666 0.027777777777777776
35 0.6774114583333334 0.3900462962962963 0.016276041666666668 0.027777777777777776
35 0.7526041666666666 0.34837962962962965 0.01171875 0.020833333333333332
35 0.7513020833333334 0.16550925925925927 0.01171875 0.027777777777777776
35 0.8115260416666668 0.47800925925925924 0.011067708333333334 0.034722222222222224
35 0.5846354166666666 0.5677129629629629 0.013020833333333334 0.019675925925925927
35 0.6295572916666666 0.5121574074074075 0.013020833333333334 0.028935185185185185
35 0.4368489583333333 0.5717592592592593 0.016927083333333332 0.034722222222222224
35 0.933921875 0.03646296296296297 0.012369791666666666 0.024305555555555556
35 0.8278020833333334 0.09780555555555555 0.011067708333333334 0.02662037037037037
35 0.6025416666666668 0.25810185185185186 0.012369791666666666 0.023148148148148147
35 0.509765625 0.5567129629629629 0.01171875 0.018518518518518517