1 0.29375 0.5101851851851852 0.021875 0.025925925925925925
13 0.3143229166666667 0.5069444444444444 0.0234375 0.04259259259259259
9 0.21432291666666667 0.04212962962962963 0.013020833333333334 0.025925925925925925
20 0.16067708333333333 0.08796296296296297 0.007291666666666667 0.024074074074074074
36 0.07864583333333333 0.2324074074074074 0.014583333333333334 0.022222222222222223
36 0.13385416666666666 0.23333333333333334 0.015625 0.022222222222222223
7 0.9604166666666667 0.5074074074074074 0.016145833333333335 0.020370370370370372
19 0.9596354166666666 0.5555555555555556 0.0140625 0.023148148148148147
2 0.3145833333333333 0.12129629629629629 0.0067708333333333336 0.021296296296296296
2 0.026822916666666665 0.6069444444444444 0.0125 0.03518518518518519
2 0.05546875 0.5972222222222222 0.0046875 0.023148148148148147
3 0.07838541666666667 0.04351851851851852 0.0171875 0.028703703703703703
38 0.36165625 0.4947962962962963 0.016276041666666668 0.04976851851851852
38 0.390625 0.4971111111111111 0.016927083333333332 0.05439814814814815
38 0.41015625 0.5034722222222222 0.016927083333333332 0.06481481481481481