27 0.1328125 0.08935185185185185 0.010416666666666666 0.02962962962962963
28 0.024739583333333332 0.1388888888888889 0.010416666666666666 0.027777777777777776
21 0.12760416666666666 0.5634259259259259 0.017708333333333333 0.032407407407407406
15 0.07786458333333333 0.1388888888888889 0.009895833333333333 0.023148148148148147
35 0.18359375 0.4074074074074074 0.010416666666666666 0.03009259259259259
35 0.109703125 0.5121574074074075 0.011067708333333334 0.024305555555555556
35 0.2633489583333333 0.44212962962962965 0.014973958333333334 0.034722222222222224
35 0.3756510416666667 0.4519722222222222 0.01171875 0.024305555555555556
35 0.44140625 0.46875 0.010416666666666666 0.020833333333333332
35 0.517578125 0.4971111111111111 0.009114583333333334 0.024305555555555556
35 0.5826822916666666 0.4988425925925926 0.01171875 0.02546296296296296
35 0.6575520833333334 0.49421296296296297 0.01171875 0.027777777777777776
35 0.7249375 0.4224537037037037 0.009765625 0.032407407407407406
35 0.7747395833333334 0.4635462962962963 0.009114583333333334 0.02662037037037037
8 0.2688802083333333 0.04398148148148148 0.018229166666666668 0.032407407407407406
23 0.21582291666666667 0.0897037037037037 0.013671875 0.02199074074074074
23 0.2688802083333333 0.08854629629629629 0.010416666666666666 0.015046296296296295
33 0.07877604166666667 0.09317592592592593 0.015625 0.024305555555555556