13 0.4752604166666667 0.5009259259259259 0.03229166666666667 0.032407407407407406
1 0.5143229166666666 0.5148148148148148 0.021875 0.025925925925925925
9 0.10572916666666667 0.18703703703703703 0.013541666666666667 0.024074074074074074
17 0.0265625 0.7074074074074074 0.027083333333333334 0.044444444444444446
17 0.02734375 0.7578703703703704 0.03229166666666667 0.05277777777777778
17 0.025520833333333333 0.6564814814814814 0.030208333333333334 0.044444444444444446
6 0.0265625 0.6050925925925926 0.030208333333333334 0.062037037037037036
20 0.26979166666666665 0.23564814814814813 0.0078125 0.024074074074074074
7 0.9596354166666666 0.5083333333333333 0.016145833333333335 0.020370370370370372
17 0.959375 0.4597222222222222 0.013020833333333334 0.017592592592592594
19 0.959375 0.5578703703703703 0.0140625 0.022222222222222223
3 0.0265625 0.41064814814814815 0.016145833333333335 0.026851851851851852
3 0.16067708333333333 0.0912037037037037 0.017708333333333333 0.03148148148148148
18 0.215625 0.043055555555555555 0.0078125 0.020370370370370372
30 0.15963541666666667 0.0412037037037037 0.014583333333333334 0.022222222222222223
4 0.18723958333333332 0.18703703703703703 0.015104166666666667 0.024074074074074074
4 0.10442708333333334 0.08935185185185185 0.01875 0.027777777777777776
4 0.13359375 0.08842592592592592 0.015625 0.026851851851851852
4 0.24192708333333332 0.08935185185185185 0.016145833333333335 0.027777777777777776
27 0.16145833333333334 0.13796296296296295 0.013020833333333334 0.032407407407407406
27 0.18776041666666668 0.23564814814814813 0.009895833333333333 0.028703703703703703
23 0.2421875 0.18564814814814815 0.009375 0.019444444444444445
23 0.051041666666666666 0.2361111111111111 0.0109375 0.021296296296296296
23 0.024739583333333332 0.18888888888888888 0.009375 0.025925925925925925
14 0.024739583333333332 0.13796296296296295 0.009375 0.016666666666666666