8 0.58671875 0.5060185185185185 0.024479166666666666 0.037037037037037035
37 0.4627604166666667 0.5263888888888889 0.022395833333333334 0.021296296296296296
20 0.3484375 0.49398148148148147 0.011458333333333333 0.046296296296296294
24 0.05182291666666667 0.04212962962962963 0.0140625 0.02962962962962963
3 0.07864583333333333 0.04212962962962963 0.0140625 0.030555555555555555
6 0.13255208333333332 0.04259259259259259 0.013020833333333334 0.03425925925925926
16 0.18802083333333333 0.04490740740740741 0.0171875 0.028703703703703703
9 0.21536458333333333 0.041666666666666664 0.0171875 0.028703703703703703
29 0.24244791666666668 0.040740740740740744 0.0125 0.022222222222222223
22 0.26979166666666665 0.04351851851851852 0.0140625 0.024074074074074074
27 0.051041666666666666 0.0912037037037037 0.014583333333333334 0.025
27 0.07760416666666667 0.09027777777777778 0.011458333333333333 0.024074074074074074
14 0.13385416666666666 0.0912037037037037 0.013020833333333334 0.018518518518518517
4 0.18697916666666667 0.1398148148148148 0.016145833333333335 0.021296296296296296
4 0.21510416666666668 0.13935185185185187 0.014583333333333334 0.024074074074074074
23 0.24270833333333333 0.13935185185185187 0.013020833333333334 0.014814814814814815
4 0.26875 0.13842592592592592 0.013020833333333334 0.025
28 0.13229166666666667 0.1875 0.0140625 0.023148148148148147
23 0.10546875 0.18796296296296297 0.013541666666666667 0.026851851851851852
4 0.07838541666666667 0.18703703703703703 0.014583333333333334 0.025925925925925925
23 0.052083333333333336 0.18888888888888888 0.013020833333333334 0.023148148148148147
4 0.025 0.18611111111111112 0.018229166666666668 0.020370370370370372
36 0.10598958333333333 0.2361111111111111 0.014583333333333334 0.023148148148148147
29 0.025260416666666667 0.4078703703703704 0.0125 0.027777777777777776
2 0.026302083333333334 0.5083333333333333 0.011458333333333333 0.028703703703703703
7 0.9598958333333333 0.5087962962962963 0.013020833333333334 0.021296296296296296
19 0.9596354166666666 0.5569444444444445 0.014583333333333334 0.026851851851851852
1 0.5130208333333334 0.512962962962963 0.024479166666666666 0.025925925925925925
20 0.16119791666666666 0.08981481481481482 0.009895833333333333 0.025925925925925925