4 0.10546875 0.09351851851851851 0.019791666666666666 0.03518518518518519
34 0.024739583333333332 0.03935185185185185 0.018229166666666668 0.041666666666666664
24 0.05130208333333333 0.03796296296296296 0.0171875 0.03888888888888889
6 0.07734375 0.041666666666666664 0.0171875 0.03425925925925926
3 0.13333333333333333 0.04259259259259259 0.018229166666666668 0.03888888888888889
30 0.16015625 0.038425925925925926 0.014583333333333334 0.037037037037037035
18 0.21484375 0.040740740740740744 0.019791666666666666 0.03518518518518519
29 0.24166666666666667 0.043055555555555555 0.021875 0.04351851851851852
22 0.26953125 0.04259259259259259 0.014583333333333334 0.03888888888888889
14 0.2708333333333333 0.2337962962962963 0.0171875 0.03518518518518519
7 0.959375 0.5083333333333333 0.0140625 0.017592592592592594
17 0.9598958333333333 0.4601851851851852 0.013541666666666667 0.019444444444444445
19 0.9598958333333333 0.5569444444444445 0.013541666666666667 0.022222222222222223