3 0.7145833333333333 0.5143518518518518 0.016666666666666666 0.021296296296296296
3 0.7314062499999999 0.48490740740740745 0.0171875 0.020370370370370372
3 0.74609375 0.49074074074074076 0.016145833333333335 0.020370370370370372
3 0.8286458333333333 0.5421296296296296 0.015625 0.023148148148148147
3 0.6673958333333334 0.4976851851851852 0.0171875 0.025
3 0.65190625 0.4964814814814815 0.019114583333333237 0.025
3 0.19140625 0.47638888888888886 0.016145833333333335 0.023148148148148147
3 0.7705729166666667 0.5412037037037037 0.0171875 0.023148148148148147
3 0.7410416666666666 0.5304629629629629 0.019270833333333334 0.024074074074074074
0 0.9606770833333333 0.5069444444444444 0.015104166666666667 0.019444444444444445
1 0.9598958333333333 0.4597222222222222 0.015625 0.025
2 0.9604166666666667 0.5569444444444445 0.013541666666666667 0.026851851851851852
