12 0.16614583333333333 0.5546296296296296 0.09479166666666666 0.14351851851851852
37 0.026302083333333334 0.6564814814814814 0.0140625 0.023148148148148147
36 0.10572916666666667 0.23564814814814813 0.0125 0.020370370370370372
4 0.078125 0.1865740740740741 0.022395833333333334 0.03425925925925926
4 0.02265625 0.18888888888888888 0.0171875 0.02962962962962963
4 0.18567708333333333 0.13796296296296295 0.020833333333333332 0.02962962962962963
4 0.21432291666666667 0.1388888888888889 0.0171875 0.030555555555555555
4 0.26901041666666664 0.1412037037037037 0.0171875 0.03518518518518519
20 0.16067708333333333 0.09166666666666666 0.0140625 0.032407407407407406
28 0.13072916666666667 0.18611111111111112 0.018229166666666668 0.032407407407407406
22 0.26901041666666664 0.04398148148148148 0.015625 0.02962962962962963
27 0.049479166666666664 0.09027777777777778 0.0171875 0.03888888888888889
27 0.07734375 0.09166666666666666 0.0171875 0.03148148148148148
8 0.2421875 0.1875 0.020833333333333332 0.03518518518518519
8 0.025260416666666667 0.23287037037037037 0.024479166666666666 0.03425925925925926
23 0.24140625 0.1412037037037037 0.0171875 0.032407407407407406
23 0.10598958333333333 0.18888888888888888 0.015625 0.032407407407407406
23 0.05260416666666667 0.1875 0.019791666666666666 0.03518518518518519
29 0.24140625 0.04351851851851852 0.0171875 0.03148148148148148
9 0.21458333333333332 0.041666666666666664 0.015625 0.027777777777777776
6 0.13125 0.04212962962962963 0.015625 0.037037037037037035
3 0.07916666666666666 0.04027777777777778 0.0203125 0.03333333333333333
24 0.05286458333333333 0.04351851851851852 0.020833333333333332 0.037037037037037035
7 0.9598958333333333 0.5087962962962963 0.016145833333333335 0.020370370370370372