12 0.8276041666666667 0.3148148148148148 0.06875 0.14814814814814814
38 0.328125 0.5013888888888889 0.018229166666666668 0.04814814814814815
13 0.013020833333333334 0.5208333333333334 0.026041666666666668 0.05092592592592592
9 0.21510416666666668 0.041666666666666664 0.0140625 0.023148148148148147
20 0.1609375 0.09027777777777778 0.009375 0.020370370370370372
7 0.9596354166666666 0.5087962962962963 0.016145833333333335 0.019444444444444445
19 0.959375 0.5574074074074075 0.0140625 0.021296296296296296
3 0.0796875 0.04351851851851852 0.017708333333333333 0.02962962962962963
37 0.02734375 0.6564814814814814 0.015625 0.016666666666666666
33 0.28541666666666665 0.5069444444444444 0.015104166666666667 0.03518518518518519
33 0.10481770833333333 0.0908611111111111 0.014322916666666666 0.024305555555555556