5 0.48333333333333334 0.5115740740740741 0.01875 0.019444444444444445
3 0.09609375 0.4824074074074074 0.0125 0.025
2 0.02421875 0.23703703703703705 0.013020833333333334 0.025925925925925925
1 0.026302083333333334 0.5097222222222222 0.016145833333333335 0.025925925925925925
1 0.96015625 0.45925925925925926 0.016145833333333335 0.025925925925925925
0 0.0265625 0.5560185185185185 0.014583333333333334 0.025
0 0.9604166666666667 0.5078703703703704 0.015625 0.019444444444444445
2 0.96015625 0.5574074074074075 0.013020833333333334 0.025925925925925925
2 0.027604166666666666 0.6055555555555555 0.015625 0.022222222222222223
3 0.2734375 0.4976851851851852 0.013541666666666667 0.021296296296296296
4 0.60625 0.5097222222222222 0.016666666666666666 0.027777777777777776
