4 0.60625 0.5097222222222222 0.016666666666666666 0.027777777777777776
4 0.05416666666666667 0.5949074074074074 0.016666666666666666 0.027777777777777776
3 0.36171875 0.4986111111111111 0.013020833333333334 0.025925925925925925
3 0.19583333333333333 0.42962962962962964 0.015625 0.022222222222222223
5 0.48333333333333334 0.5120370370370371 0.017708333333333333 0.018518518518518517
0 0.05 0.23472222222222222 0.015625 0.019444444444444445
0 0.9606770833333333 0.5074074074074074 0.015104166666666667 0.018518518518518517
2 0.023697916666666666 0.23564814814814813 0.013020833333333334 0.025925925925925925
1 0.96015625 0.4601851851851852 0.016145833333333335 0.025925925925925925
2 0.96015625 0.5574074074074075 0.013020833333333334 0.025925925925925925
