4 0.5583333333333333 0.5060185185185185 0.016666666666666666 0.027777777777777776
4 0.05546875 0.5962962962962963 0.016666666666666666 0.027777777777777776
0 0.9604166666666667 0.5060185185185185 0.015625 0.019444444444444445
0 0.02578125 0.5550925925925926 0.0140625 0.021296296296296296
1 0.9596354166666666 0.4597222222222222 0.016145833333333335 0.025
1 0.025260416666666667 0.5064814814814815 0.013020833333333334 0.022222222222222223
5 0.5208333333333334 0.5111111111111111 0.019270833333333334 0.023148148148148147
5 0.3333333333333333 0.36666666666666664 0.019270833333333334 0.023148148148148147
1 0.42916666666666664 0.362962962962963 0.016145833333333335 0.025925925925925925
0 0.45208333333333334 0.36435185185185187 0.015625 0.019444444444444445
2 0.026041666666666668 0.6060185185185185 0.015104166666666667 0.026851851851851852
2 0.47708333333333336 0.36527777777777776 0.013020833333333334 0.026851851851851852
