0 0.5109375 0.3787037037037037 0.05625 0.1925925925925926
0 0.5677083333333334 0.1814814814814815 0.07291666666666667 0.1712962962962963
0 0.6184895833333334 0.04722222222222222 0.035416666666666666 0.09074074074074075
0 0.4315104166666667 0.6111111111111112 0.050520833333333334 0.14814814814814814
0 0.3671875 0.6884259259259259 0.0609375 0.027777777777777776
0 0.29739583333333336 0.6773148148148148 0.09791666666666667 0.03425925925925926
0 0.19348958333333333 0.6861111111111111 0.109375 0.032407407407407406
0 0.07369791666666667 0.6111111111111112 0.0625 0.09259259259259259
0 0.019010416666666665 0.5611111111111111 0.03802083333333333 0.02962962962962963
0 0.9682291666666667 0.9453703703703704 0.059895833333333336 0.09074074074074075
0 0.96875 0.649537037037037 0.0625 0.16018518518518518
0 0.9640625 0.5185185185185185 0.071875 0.09259259259259259