31 0.7575520833333333 0.08981481481481482 0.0171875 0.027777777777777776
54 0.6768229166666667 0.0023148148148148147 0.011979166666666667 0.004629629629629629
4 0.7028645833333333 0.040740740740740744 0.015104166666666667 0.03333333333333333
32 0.70234375 0.09212962962962963 0.0140625 0.025
44 0.31692708333333336 0.5462962962962963 0.0171875 0.030555555555555555
30 0.27265625 0.6472222222222223 0.020833333333333332 0.044444444444444446
30 0.2786458333333333 0.6930555555555555 0.0171875 0.03425925925925926
30 0.2760416666666667 0.7245370370370371 0.0171875 0.03888888888888889
30 0.26953125 0.774537037037037 0.021875 0.05277777777777778
30 0.2716145833333333 0.8333333333333334 0.022395833333333334 0.04351851851851852
30 0.2703125 0.8856481481481482 0.025 0.049074074074074076
30 0.27421875 0.9467592592592593 0.022395833333333334 0.05740740740740741
39 0.3625 0.5740740740740741 0.15729166666666666 0.021296296296296296
45 0.5643229166666667 0.001851851851851852 0.013020833333333334 0.003703703703703704
45 0.5841145833333333 0.027314814814814816 0.008854166666666666 0.01574074074074074
45 0.5940104166666667 0.0412037037037037 0.008854166666666666 0.013888888888888888
45 0.6018229166666667 0.056018518518518516 0.009895833333333333 0.01574074074074074
45 0.609375 0.056018518518518516 0.009375 0.013888888888888888
45 0.5520833333333334 0.005555555555555556 0.010416666666666666 0.011111111111111112