31 0.26927083333333335 0.04212962962962963 0.015625 0.030555555555555555
22 0.1875 0.04537037037037037 0.015104166666666667 0.023148148148148147
6 0.13307291666666668 0.043055555555555555 0.013020833333333334 0.03425925925925926
33 0.0515625 0.043055555555555555 0.017708333333333333 0.03796296296296296
37 0.050520833333333334 0.09074074074074075 0.017708333333333333 0.03148148148148148
37 0.07994791666666666 0.0912037037037037 0.026041666666666668 0.046296296296296294
19 0.13307291666666668 0.09166666666666666 0.0140625 0.02962962962962963
4 0.07942708333333333 0.1388888888888889 0.028645833333333332 0.04351851851851852
4 0.10494791666666667 0.14074074074074075 0.016666666666666666 0.028703703703703703
32 0.13307291666666668 0.1412037037037037 0.0140625 0.026851851851851852
4 0.16015625 0.14074074074074075 0.015625 0.026851851851851852
4 0.18802083333333333 0.14027777777777778 0.014583333333333334 0.027777777777777776
28 0.05 0.18796296296296297 0.009375 0.023148148148148147
5 0.07786458333333333 0.18796296296296297 0.014583333333333334 0.03148148148148148
54 0.215625 0.18564814814814815 0.011979166666666667 0.021296296296296296
54 0.10598958333333333 0.23472222222222222 0.0109375 0.023148148148148147
4 0.24166666666666667 0.13935185185185187 0.01875 0.026851851851851852
32 0.27057291666666666 0.14027777777777778 0.0140625 0.025
32 0.21484375 0.1375 0.013541666666666667 0.03148148148148148
44 0.5260416666666666 0.825462962962963 0.0171875 0.030555555555555555
44 0.2 0.8796296296296297 0.027083333333333334 0.037037037037037035
30 0.5828125 0.9041666666666667 0.025 0.037037037037037035
30 0.60859375 0.8935185185185185 0.019270833333333334 0.030555555555555555
30 0.6263020833333334 0.8981481481481481 0.021875 0.030555555555555555
30 0.6544270833333333 0.9097222222222222 0.0296875 0.03888888888888889
30 0.6875 0.9060185185185186 0.024479166666666666 0.03981481481481482
30 0.7169270833333333 0.9083333333333333 0.027604166666666666 0.044444444444444446
30 0.7513020833333334 0.9013888888888889 0.03229166666666667 0.03981481481481482
30 0.7947916666666667 0.9060185185185186 0.0390625 0.04351851851851852
30 0.8372395833333334 0.9064814814814814 0.027083333333333334 0.053703703703703705
39 0.5416666666666666 0.7444444444444445 0.011979166666666667 0.2796296296296296
38 0.0234375 0.19074074074074074 0.026041666666666668 0.04814814814814815
7 0.9604166666666667 0.5087962962962963 0.016145833333333335 0.020370370370370372
27 0.9596354166666666 0.5564814814814815 0.015104166666666667 0.020370370370370372
55 0.02578125 0.45787037037037037 0.015104166666666667 0.01574074074074074
45 0.215625 0.38564814814814813 0.010416666666666666 0.023148148148148147
45 0.23411458333333332 0.350462962962963 0.008854166666666666 0.01574074074074074
45 0.24192708333333332 0.33287037037037037 0.0078125 0.01574074074074074
45 0.25026041666666665 0.3189814814814815 0.008854166666666666 0.017592592592592594
45 0.25026041666666665 0.3055555555555556 0.0078125 0.016666666666666666
45 0.21223958333333334 0.4083333333333333 0.0078125 0.018518518518518517
45 0.20807291666666666 0.42453703703703705 0.009895833333333333 0.01574074074074074
45 0.2015625 0.44212962962962965 0.009895833333333333 0.020370370370370372
45 0.19140625 0.4824074074074074 0.008854166666666666 0.013888888888888888
45 0.20052083333333334 0.47638888888888886 0.010416666666666666 0.014814814814814815
45 0.20911458333333333 0.4564814814814815 0.0078125 0.01574074074074074
45 0.2109375 0.4398148148148148 0.008854166666666666 0.017592592592592594
45 0.21614583333333334 0.425462962962963 0.007291666666666667 0.018518518518518517
45 0.22057291666666667 0.40694444444444444 0.008854166666666666 0.018518518518518517
45 0.18515625 0.49722222222222223 0.0109375 0.014814814814814815
45 0.18515625 0.5138888888888888 0.013020833333333334 0.018518518518518517
45 0.17526041666666667 0.5388888888888889 0.007291666666666667 0.017592592592592594
45 0.16979166666666667 0.5564814814814815 0.0078125 0.012962962962962963
45 0.16536458333333334 0.5699074074074074 0.0067708333333333336 0.016666666666666666
45 0.16588541666666667 0.586574074074074 0.0078125 0.017592592592592594
45 0.165625 0.6236111111111111 0.0078125 0.016666666666666666
45 0.16614583333333333 0.6407407407407407 0.0067708333333333336 0.016666666666666666
45 0.16536458333333334 0.6574074074074074 0.007291666666666667 0.014814814814814815
45 0.15833333333333333 0.6597222222222222 0.008854166666666666 0.01574074074074074
45 0.15208333333333332 0.6773148148148148 0.009375 0.016666666666666666
45 0.16119791666666666 0.6782407407407407 0.010416666666666666 0.017592592592592594
45 0.1421875 0.6884259259259259 0.0078125 0.016666666666666666
45 0.140625 0.7060185185185185 0.010416666666666666 0.012962962962962963
45 0.15 0.7333333333333333 0.009375 0.012962962962962963
45 0.16692708333333334 0.749537037037037 0.009895833333333333 0.01574074074074074
45 0.17473958333333334 0.7754629629629629 0.007291666666666667 0.03333333333333333
45 0.18203125 0.7555555555555555 0.009375 0.012962962962962963
45 0.14895833333333333 0.825925925925926 0.009375 0.012037037037037037
45 0.14114583333333333 0.8106481481481481 0.009895833333333333 0.013888888888888888
45 0.1234375 0.7814814814814814 0.0078125 0.012962962962962963
45 0.11171875 0.7685185185185185 0.0171875 0.018518518518518517
45 0.09947916666666666 0.7597222222222222 0.008854166666666666 0.01574074074074074
45 0.08255208333333333 0.7583333333333333 0.009895833333333333 0.012037037037037037
45 0.07421875 0.7592592592592593 0.007291666666666667 0.03148148148148148
45 0.06354166666666666 0.7842592592592592 0.015104166666666667 0.018518518518518517
45 0.054427083333333334 0.7694444444444445 0.0109375 0.020370370370370372
45 0.04140625 0.7379629629629629 0.0067708333333333336 0.016666666666666666
45 0.03463541666666667 0.7453703703703703 0.0109375 0.017592592592592594
45 0.016927083333333332 0.7476851851851852 0.0078125 0.023148148148148147
45 0.005729166666666666 0.7560185185185185 0.011458333333333333 0.024074074074074074
45 0.008854166666666666 0.8064814814814815 0.0067708333333333336 0.018518518518518517
45 0.0296875 0.8074074074074075 0.0171875 0.016666666666666666
45 0.0453125 0.8212962962962963 0.015104166666666667 0.019444444444444445
45 0.06015625 0.8342592592592593 0.0125 0.020370370370370372
45 0.07578125 0.888425925925926 0.010416666666666666 0.024074074074074074
45 0.07421875 0.9101851851851852 0.008333333333333333 0.023148148148148147
45 0.07473958333333333 0.9300925925925926 0.0067708333333333336 0.013888888888888888
45 0.06380208333333333 0.9430555555555555 0.0109375 0.01574074074074074
45 0.052083333333333336 0.9421296296296297 0.0125 0.012037037037037037
45 0.04140625 0.9481481481481482 0.007291666666666667 0.012037037037037037