13 0.534375 0.40925925925925927 0.011979166666666667 0.025925925925925925
13 0.5408854166666667 0.44027777777777777 0.008854166666666666 0.025
13 0.5393229166666667 0.4703703703703704 0.0125 0.030555555555555555
13 0.55 0.5037037037037037 0.011979166666666667 0.030555555555555555
13 0.55859375 0.5347222222222222 0.013541666666666667 0.03425925925925926
13 0.5578125 0.5643518518518519 0.013020833333333334 0.026851851851851852
13 0.5622395833333333 0.5893518518518519 0.016666666666666666 0.03148148148148148
13 0.56953125 0.6134259259259259 0.015104166666666667 0.03425925925925926
13 0.5716145833333334 0.6430555555555556 0.011458333333333333 0.026851851851851852
13 0.5770833333333333 0.6726851851851852 0.0109375 0.026851851851851852
13 0.5799479166666667 0.6995370370370371 0.011979166666666667 0.03796296296296296
13 0.5856770833333333 0.7337962962962963 0.011979166666666667 0.028703703703703703
13 0.59453125 0.7680555555555556 0.009895833333333333 0.03425925925925926
13 0.5989583333333334 0.8032407407407407 0.0125 0.030555555555555555
13 0.6080729166666666 0.8347222222222223 0.0109375 0.025925925925925925
13 0.6096354166666667 0.861574074074074 0.009895833333333333 0.028703703703703703
13 0.6143229166666667 0.8865740740740741 0.0109375 0.028703703703703703
13 0.62734375 0.9212962962962963 0.009375 0.032407407407407406
13 0.7338541666666667 0.9967592592592592 0.019791666666666666 0.006481481481481481
13 0.7486979166666666 0.9740740740740741 0.025 0.026851851851851852
13 0.7682291666666666 0.9217592592592593 0.017708333333333333 0.05925925925925926