45 0.32135416666666666 0.008333333333333333 0.0125 0.016666666666666666
45 0.32395833333333335 0.0375 0.0125 0.03611111111111111
45 0.33515625 0.0699074074074074 0.015625 0.028703703703703703
45 0.33567708333333335 0.10925925925925926 0.017708333333333333 0.024074074074074074
45 0.32838541666666665 0.15046296296296297 0.017708333333333333 0.03518518518518519
45 0.33489583333333334 0.19490740740740742 0.015104166666666667 0.04259259259259259
45 0.33645833333333336 0.2574074074074074 0.015625 0.026851851851851852
45 0.334375 0.300462962962963 0.009895833333333333 0.026851851851851852
45 0.3333333333333333 0.3472222222222222 0.009375 0.032407407407407406
45 0.3375 0.3912037037037037 0.009895833333333333 0.037037037037037035
45 0.33098958333333334 0.44027777777777777 0.017708333333333333 0.028703703703703703
45 0.32395833333333335 0.4773148148148148 0.0109375 0.024074074074074074
45 0.32395833333333335 0.5175925925925926 0.009895833333333333 0.027777777777777776
45 0.31927083333333334 0.562037037037037 0.016145833333333335 0.03333333333333333
45 0.32265625 0.6055555555555555 0.0125 0.027777777777777776
45 0.31927083333333334 0.6509259259259259 0.015104166666666667 0.026851851851851852
45 0.31875 0.6916666666666667 0.0109375 0.028703703703703703
45 0.31875 0.736574074074074 0.016145833333333335 0.040740740740740744
45 0.32473958333333336 0.7888888888888889 0.015625 0.03148148148148148
45 0.32317708333333334 0.8328703703703704 0.013541666666666667 0.024074074074074074
45 0.3190104166666667 0.8777777777777778 0.016666666666666666 0.028703703703703703
45 0.31614583333333335 0.9356481481481481 0.013541666666666667 0.040740740740740744
45 0.3143229166666667 0.9888888888888889 0.013020833333333334 0.022222222222222223