44 0.20416666666666666 0.7939814814814815 0.017708333333333333 0.025925925925925925
45 0.0203125 0.8300925925925926 0.0171875 0.025925925925925925
45 0.05572916666666667 0.8287037037037037 0.016145833333333335 0.020370370370370372
45 0.07161458333333333 0.8333333333333334 0.018229166666666668 0.020370370370370372
45 0.08671875 0.85 0.0234375 0.024074074074074074
45 0.10572916666666667 0.8629629629629629 0.023958333333333335 0.019444444444444445
45 0.140625 0.8486111111111111 0.013020833333333334 0.023148148148148147
45 0.12578125 0.8648148148148148 0.014583333333333334 0.016666666666666666
45 0.15078125 0.8287037037037037 0.0125 0.016666666666666666
45 0.16640625 0.8185185185185185 0.015104166666666667 0.018518518518518517
45 0.19140625 0.8175925925925925 0.0171875 0.017592592592592594
45 0.22213541666666667 0.8175925925925925 0.011979166666666667 0.022222222222222223
45 0.23984375 0.812962962962963 0.0203125 0.022222222222222223
45 0.25807291666666665 0.7930555555555555 0.016145833333333335 0.027777777777777776
45 0.28020833333333334 0.7921296296296296 0.013541666666666667 0.03148148148148148
45 0.3033854166666667 0.8050925925925926 0.019791666666666666 0.03148148148148148
45 0.32838541666666665 0.7935185185185185 0.023958333333333335 0.026851851851851852
45 0.36354166666666665 0.7907407407407407 0.015104166666666667 0.027777777777777776
45 0.38776041666666666 0.7944444444444444 0.015104166666666667 0.017592592592592594
45 0.4140625 0.7962962962962963 0.018229166666666668 0.016666666666666666
45 0.4388020833333333 0.7888888888888889 0.020833333333333332 0.017592592592592594
45 0.46640625 0.8004629629629629 0.016145833333333335 0.03148148148148148
45 0.48723958333333334 0.812962962962963 0.013541666666666667 0.019444444444444445
45 0.5098958333333333 0.812962962962963 0.015625 0.017592592592592594
45 0.5348958333333333 0.8212962962962963 0.01875 0.028703703703703703
45 0.559375 0.8152777777777778 0.015625 0.022222222222222223
45 0.5848958333333333 0.8212962962962963 0.015104166666666667 0.026851851851851852
45 0.6078125 0.8222222222222222 0.016145833333333335 0.019444444444444445
45 0.6330729166666667 0.8222222222222222 0.022916666666666665 0.028703703703703703
45 0.6625 0.8115740740740741 0.017708333333333333 0.027777777777777776
45 0.6872395833333333 0.8143518518518519 0.013541666666666667 0.024074074074074074
45 0.7125 0.8217592592592593 0.016145833333333335 0.02962962962962963
45 0.7450520833333333 0.8268518518518518 0.022916666666666665 0.024074074074074074
45 0.77890625 0.8300925925925926 0.0203125 0.023148148148148147
45 0.8106770833333333 0.8310185185185185 0.020833333333333332 0.025925925925925925
45 0.8875 0.8314814814814815 0.020833333333333332 0.03611111111111111
45 0.9140625 0.8361111111111111 0.018229166666666668 0.03148148148148148
45 0.9388020833333334 0.8282407407407407 0.020833333333333332 0.03611111111111111
45 0.96875 0.8236111111111111 0.020833333333333332 0.03796296296296296