31 0.75546875 0.0412037037037037 0.0109375 0.019444444444444445
13 0.4986979166666667 0.46064814814814814 0.020833333333333332 0.027777777777777776
13 0.51484375 0.4356481481481482 0.015625 0.022222222222222223
13 0.5278645833333333 0.40694444444444444 0.022395833333333334 0.028703703703703703
13 0.5572916666666666 0.38564814814814813 0.025 0.016666666666666666
13 0.5796875 0.3675925925925926 0.017708333333333333 0.019444444444444445
13 0.5950520833333334 0.35462962962962963 0.020833333333333332 0.03333333333333333
13 0.6143229166666667 0.33101851851851855 0.0125 0.030555555555555555
13 0.6317708333333333 0.30694444444444446 0.016145833333333335 0.041666666666666664
13 0.6455729166666667 0.27685185185185185 0.016145833333333335 0.037037037037037035
13 0.6643229166666667 0.2388888888888889 0.021354166666666667 0.03611111111111111
13 0.6861979166666666 0.21342592592592594 0.03125 0.03611111111111111
13 0.7083333333333334 0.18564814814814815 0.028645833333333332 0.026851851851851852
13 0.7518229166666667 0.35648148148148145 0.020833333333333332 0.03888888888888889
13 0.6911458333333333 0.43333333333333335 0.029166666666666667 0.024074074074074074
13 0.62890625 0.5319444444444444 0.0390625 0.040740740740740744
13 0.5752604166666667 0.6060185185185185 0.01875 0.05648148148148148
13 0.4752604166666667 0.49907407407407406 0.010416666666666666 0.027777777777777776
13 0.4557291666666667 0.4388888888888889 0.015625 0.03888888888888889