0 0.55078125 0.9560185185185185 0.026041666666666668 0.032407407407407406
13 0.5770833333333333 0.47685185185185186 0.022916666666666665 0.032407407407407406
13 0.5997395833333333 0.4412037037037037 0.0234375 0.027777777777777776
13 0.61953125 0.4078703703703704 0.022916666666666665 0.04537037037037037
13 0.6388020833333333 0.37083333333333335 0.0234375 0.03148148148148148
13 0.6591145833333333 0.3282407407407407 0.01875 0.03148148148148148
13 0.6817708333333333 0.29814814814814816 0.0234375 0.024074074074074074
13 0.6994791666666667 0.26064814814814813 0.022916666666666665 0.021296296296296296
13 0.71953125 0.22407407407407406 0.024479166666666666 0.017592592592592594
13 0.746875 0.19490740740740742 0.0234375 0.017592592592592594
13 0.7669270833333334 0.16574074074074074 0.027604166666666666 0.020370370370370372