0 0.24348958333333334 0.5902777777777778 0.018229166666666668 0.046296296296296294
13 0.5130208333333334 0.6370370370370371 0.018229166666666668 0.040740740740740744
13 0.5330729166666667 0.6773148148148148 0.015625 0.041666666666666664
13 0.5518229166666667 0.7125 0.025520833333333333 0.040740740740740744
13 0.57265625 0.7467592592592592 0.017708333333333333 0.041666666666666664
13 0.5966145833333333 0.7828703703703703 0.017708333333333333 0.03333333333333333
13 0.6135416666666667 0.8231481481481482 0.013541666666666667 0.041666666666666664
13 0.6346354166666667 0.8546296296296296 0.011979166666666667 0.040740740740740744
13 0.6552083333333333 0.8902777777777777 0.009895833333333333 0.04351851851851852
13 0.6716145833333333 0.9388888888888889 0.009895833333333333 0.041666666666666664
13 0.6880208333333333 0.9745370370370371 0.011458333333333333 0.049074074074074076