46 0.49713541666666666 0.5634259259259259 0.03854166666666667 0.06296296296296296
0 0.52109375 0.23564814814814813 0.0203125 0.05
0 0.6296875 0.11435185185185186 0.019791666666666666 0.05092592592592592
31 0.24453125 0.9601851851851851 0.0109375 0.024074074074074074
13 0.5466145833333333 0.5111111111111111 0.015104166666666667 0.026851851851851852
13 0.5234375 0.49583333333333335 0.014583333333333334 0.019444444444444445
13 0.5 0.4587962962962963 0.022395833333333334 0.026851851851851852
13 0.35520833333333335 0.5532407407407407 0.01875 0.03518518518518519
13 0.3375 0.5527777777777778 0.009895833333333333 0.040740740740740744
13 0.3046875 0.5449074074074074 0.0171875 0.037037037037037035
13 0.28984375 0.31527777777777777 0.022395833333333334 0.05
13 0.27838541666666666 0.537962962962963 0.016145833333333335 0.037037037037037035
13 0.26458333333333334 0.25462962962962965 0.017708333333333333 0.05092592592592592