52 0.5455729166666666 0.7 0.115625 0.07222222222222222
52 0.5625 0.7708333333333334 0.15989583333333332 0.06666666666666667
52 0.5591145833333333 0.8393518518518519 0.1578125 0.07685185185185185
52 0.5721354166666667 0.9722222222222222 0.15989583333333332 0.05555555555555555
52 0.5604166666666667 0.1574074074074074 0.13802083333333334 0.05277777777777778
55 0.48463541666666665 0.425 0.0125 0.03518518518518519
18 0.4979166666666667 0.5476851851851852 0.027083333333333334 0.046296296296296294
8 0.4947916666666667 0.6472222222222223 0.022395833333333334 0.044444444444444446
8 0.6497395833333334 0.040740740740740744 0.019791666666666666 0.03888888888888889
8 0.6783854166666666 0.08935185185185185 0.019791666666666666 0.037037037037037035
4 0.703125 0.003703703703703704 0.015625 0.007407407407407408
4 0.70390625 0.03935185185185185 0.0171875 0.032407407407407406
32 0.7049479166666667 0.08888888888888889 0.0140625 0.032407407407407406
9 0.7565104166666666 0.0023148148148148147 0.018229166666666668 0.004629629629629629
39 0.7578125 0.04259259259259259 0.020833333333333332 0.032407407407407406
31 0.7578125 0.09027777777777778 0.0171875 0.02962962962962963