52 0.6125 0.41898148148148145 0.040625 0.20555555555555555
52 0.65234375 0.3888888888888889 0.0375 0.28425925925925927
52 0.6908854166666667 0.39490740740740743 0.043229166666666666 0.28055555555555556
52 0.76875 0.37175925925925923 0.0375 0.28425925925925927
52 0.8020833333333334 0.4388888888888889 0.0328125 0.15555555555555556
52 0.98359375 0.3902777777777778 0.0328125 0.09537037037037037
52 0.3072916666666667 0.3925925925925926 0.0296875 0.24537037037037038
55 0.4578125 0.5273148148148148 0.019791666666666666 0.022222222222222223
18 0.5268229166666667 0.5037037037037037 0.026041666666666668 0.04814814814814815
8 0.5828125 0.5092592592592593 0.025 0.03981481481481482
16 0.18802083333333333 0.2337962962962963 0.016666666666666666 0.032407407407407406
8 0.24166666666666667 0.2337962962962963 0.021875 0.03518518518518519
8 0.26901041666666664 0.18287037037037038 0.020833333333333332 0.03518518518518519
54 0.13333333333333333 0.23425925925925925 0.013020833333333334 0.022222222222222223
54 0.07864583333333333 0.2324074074074074 0.016666666666666666 0.03518518518518519
4 0.13151041666666666 0.14027777777777778 0.019791666666666666 0.030555555555555555
4 0.15963541666666667 0.14212962962962963 0.020833333333333332 0.025
4 0.21354166666666666 0.1388888888888889 0.019270833333333334 0.027777777777777776
4 0.24088541666666666 0.1375 0.018229166666666668 0.030555555555555555
32 0.18697916666666667 0.13518518518518519 0.016666666666666666 0.02962962962962963
32 0.26875 0.13564814814814816 0.018229166666666668 0.025
32 0.052083333333333336 0.18518518518518517 0.0140625 0.025
4 0.02421875 0.1865740740740741 0.020833333333333332 0.027777777777777776
33 0.052083333333333336 0.043055555555555555 0.0171875 0.037037037037037035
3 0.078125 0.041666666666666664 0.020833333333333332 0.03425925925925926
6 0.1328125 0.041666666666666664 0.015625 0.037037037037037035
9 0.21484375 0.04398148148148148 0.013020833333333334 0.032407407407407406
39 0.24270833333333333 0.041666666666666664 0.018229166666666668 0.037037037037037035
31 0.26953125 0.041666666666666664 0.016666666666666666 0.030555555555555555
6 0.026041666666666668 0.5541666666666667 0.015625 0.03425925925925926
49 0.026822916666666665 0.5092592592592593 0.015625 0.037037037037037035
49 0.027864583333333335 0.4597222222222222 0.015625 0.027777777777777776
3 0.026822916666666665 0.36203703703703705 0.020833333333333332 0.041666666666666664
28 0.15963541666666667 0.08703703703703704 0.022395833333333334 0.053703703703703705
19 0.1328125 0.09259259259259259 0.015625 0.025
38 0.07734375 0.1875 0.020833333333333332 0.03888888888888889
32 0.10494791666666667 0.23472222222222222 0.015625 0.027777777777777776
7 0.9598958333333333 0.5087962962962963 0.016145833333333335 0.020370370370370372