52 0.5442708333333334 0.44583333333333336 0.1265625 0.08611111111111111
52 0.5604166666666667 0.5185185185185185 0.17604166666666668 0.0712962962962963
52 0.5291666666666667 0.7949074074074074 0.09114583333333333 0.07407407407407407
52 0.5682291666666667 0.9745370370370371 0.13958333333333334 0.05092592592592592
17 0.5981770833333333 0.024537037037037038 0.07135416666666666 0.049074074074074076
2 0.5057291666666667 0.9222222222222223 0.027083333333333334 0.020370370370370372
16 0.4940104166666667 0.25462962962962965 0.0296875 0.05277777777777778
18 0.49661458333333336 0.3087962962962963 0.027604166666666666 0.058333333333333334
9 0.7567708333333333 0.002777777777777778 0.0125 0.005555555555555556
2 0.71171875 0.1726851851851852 0.0140625 0.013888888888888888
2 0.6752604166666667 0.17037037037037037 0.013020833333333334 0.011111111111111112