52 0.4557291666666667 0.5541666666666667 0.1265625 0.08611111111111111
52 0.4395833333333333 0.48148148148148145 0.17604166666666668 0.0712962962962963
52 0.4708333333333333 0.2050925925925926 0.09114583333333333 0.07407407407407407
52 0.4317708333333333 0.02546296296296296 0.13958333333333334 0.05092592592592592
17 0.40182291666666664 0.975462962962963 0.07135416666666666 0.049074074074074076
2 0.4942708333333333 0.07777777777777778 0.027083333333333334 0.020370370370370372
16 0.5059895833333333 0.7453703703703703 0.0296875 0.05277777777777778
18 0.5033854166666667 0.6912037037037037 0.027604166666666666 0.058333333333333334
9 0.24270833333333333 0.9967592592592592 0.0125 0.006481481481481481
2 0.28828125 0.8273148148148148 0.0140625 0.013888888888888888
2 0.32473958333333336 0.8296296296296296 0.013020833333333334 0.011111111111111112