51 0.8911458333333333 0.5013888888888889 0.019791666666666666 0.03425925925925926
51 0.05286458333333333 0.538425925925926 0.024479166666666666 0.03425925925925926
52 0.46953125 0.4212962962962963 0.0484375 0.225
52 0.1671875 0.3925925925925926 0.040625 0.2518518518518518
52 0.5104166666666666 0.3925925925925926 0.04010416666666667 0.31296296296296294
52 0.6658854166666667 0.44814814814814813 0.041666666666666664 0.16203703703703703
52 0.7708333333333334 0.3787037037037037 0.036458333333333336 0.24814814814814815
52 0.8067708333333333 0.3773148148148148 0.040625 0.2916666666666667
52 0.8520833333333333 0.4398148148148148 0.0375 0.18518518518518517
17 0.20130208333333333 0.32546296296296295 0.09010416666666667 0.12685185185185185
2 0.7375 0.4898148148148148 0.011458333333333333 0.04814814814814815
16 0.3619791666666667 0.5106481481481482 0.0296875 0.05277777777777778
18 0.3924479166666667 0.5060185185185185 0.0328125 0.049074074074074076
9 0.21458333333333332 0.043055555555555555 0.015104166666666667 0.022222222222222223
28 0.16119791666666666 0.08981481481481482 0.009895833333333333 0.024074074074074074
54 0.10598958333333333 0.2361111111111111 0.015104166666666667 0.025925925925925925
7 0.9598958333333333 0.5083333333333333 0.014583333333333334 0.021296296296296296
27 0.959375 0.5583333333333333 0.0140625 0.024074074074074074
55 0.026041666666666668 0.6555555555555556 0.014583333333333334 0.014814814814814815
2 0.31588541666666664 0.12361111111111112 0.0078125 0.025
2 0.3145833333333333 0.1884259259259259 0.00625 0.023148148148148147
3 0.07864583333333333 0.04259259259259259 0.016666666666666666 0.025925925925925925