13 0.44375 0.5226851851851851 0.0140625 0.019444444444444445
13 0.45286458333333335 0.5064814814814815 0.013020833333333334 0.019444444444444445
13 0.46171875 0.4925925925925926 0.013020833333333334 0.018518518518518517
13 0.4703125 0.4777777777777778 0.0140625 0.018518518518518517
13 0.48125 0.47685185185185186 0.010416666666666666 0.020370370370370372
13 0.51796875 0.49027777777777776 0.009375 0.019444444444444445
13 0.5247395833333334 0.5050925925925925 0.008333333333333333 0.021296296296296296
13 0.5333333333333333 0.5199074074074074 0.008854166666666666 0.019444444444444445
13 0.5427083333333333 0.5194444444444445 0.010416666666666666 0.020370370370370372
13 0.5536458333333333 0.5175925925925926 0.011458333333333333 0.023148148148148147
13 0.5645833333333333 0.5310185185185186 0.008333333333333333 0.020370370370370372
13 0.5669270833333333 0.55 0.008854166666666666 0.020370370370370372
13 0.5833333333333334 0.5814814814814815 0.008854166666666666 0.01574074074074074
13 0.5760416666666667 0.5657407407407408 0.0109375 0.018518518518518517
13 0.5932291666666667 0.5814814814814815 0.009895833333333333 0.01574074074074074
13 0.5848958333333333 0.5648148148148148 0.0078125 0.017592592592592594
13 0.653125 0.38935185185185184 0.009375 0.017592592592592594
31 0.24348958333333334 0.9467592592592593 0.013020833333333334 0.020370370370370372