56 0.38619791666666664 0.5152777777777777 0.026041666666666668 0.058333333333333334
22 0.24296875 0.23935185185185184 0.03125 0.049074074074074076
4 0.21302083333333333 0.24212962962962964 0.027083333333333334 0.05555555555555555
37 0.18802083333333333 0.2351851851851852 0.030208333333333334 0.053703703703703705
54 0.07916666666666666 0.23425925925925925 0.013020833333333334 0.017592592592592594
32 0.052083333333333336 0.23703703703703705 0.027604166666666666 0.05740740740740741
9 0.10572916666666667 0.18564814814814815 0.011979166666666667 0.028703703703703703
32 0.024739583333333332 0.1884259259259259 0.028645833333333332 0.049074074074074076
32 0.18697916666666667 0.18425925925925926 0.028645833333333332 0.044444444444444446
37 0.15963541666666667 0.1398148148148148 0.026041666666666668 0.04814814814814815
31 0.27005208333333336 0.04490740740740741 0.0296875 0.049074074074074076
39 0.24166666666666667 0.043055555555555555 0.027083333333333334 0.046296296296296294
26 0.2140625 0.03935185185185185 0.028645833333333332 0.044444444444444446
42 0.16067708333333333 0.04027777777777778 0.024479166666666666 0.049074074074074076
33 0.05130208333333333 0.04398148148148148 0.027604166666666666 0.053703703703703705
28 0.26927083333333335 0.2361111111111111 0.013541666666666667 0.023148148148148147
55 0.026302083333333334 0.6069444444444444 0.021875 0.03148148148148148