52 0.7518229166666667 0.42916666666666664 0.034895833333333334 0.2222222222222222
52 0.796875 0.38796296296296295 0.0328125 0.3037037037037037
52 0.8302083333333333 0.38564814814814813 0.040625 0.2935185185185185
17 0.45807291666666666 0.29259259259259257 0.0703125 0.1712962962962963
18 0.6744791666666666 0.5060185185185185 0.0296875 0.04351851851851852
1 0.6505208333333333 0.512962962962963 0.021875 0.02962962962962963
56 0.38776041666666666 0.5263888888888889 0.0234375 0.05555555555555555
8 0.7270833333333333 0.5106481481481482 0.0234375 0.03425925925925926
9 0.21458333333333332 0.041666666666666664 0.014583333333333334 0.022222222222222223
28 0.16067708333333333 0.09027777777777778 0.009895833333333333 0.024074074074074074
7 0.9598958333333333 0.5097222222222222 0.016145833333333335 0.021296296296296296
27 0.9596354166666666 0.5578703703703703 0.013541666666666667 0.022222222222222223
2 0.3145833333333333 0.12083333333333333 0.0046875 0.019444444444444445
2 0.3151041666666667 0.18796296296296297 0.00625 0.025925925925925925
54 0.10546875 0.2337962962962963 0.013020833333333334 0.021296296296296296