8 0.606353591160221 0.06578947368421052 0.09116022099447514 0.13157894736842105
8 0.6035911602209945 0.2807017543859649 0.08011049723756906 0.2982456140350877
8 0.6035911602209945 0.5921052631578947 0.08287292817679558 0.30701754385964913
8 0.6022099447513812 0.868421052631579 0.08287292817679558 0.2631578947368421
8 0.4986187845303867 0.8728070175438597 0.0856353591160221 0.2543859649122807
8 0.39917127071823205 0.8728070175438597 0.09116022099447514 0.2543859649122807
8 0.5027624309392266 0.6008771929824561 0.08839779005524862 0.2894736842105263
8 0.5 0.2807017543859649 0.08011049723756906 0.2894736842105263
8 0.4986187845303867 0.06578947368421052 0.0856353591160221 0.13157894736842105
8 0.39502762430939226 0.06140350877192982 0.08839779005524862 0.12280701754385964
8 0.39640883977900554 0.2807017543859649 0.08839779005524862 0.2894736842105263
8 0.39917127071823205 0.5964912280701754 0.09116022099447514 0.30701754385964913