29 0.5 0.04040404040404041 0.9444444444444444 0.08080808080808081
29 0.5138888888888888 0.13005050505050506 0.8888888888888888 0.08585858585858586
29 0.5 0.2222222222222222 0.9444444444444444 0.08333333333333333
29 0.5 0.3106060606060606 0.9444444444444444 0.08585858585858586
29 0.5 0.4027777777777778 0.9444444444444444 0.08080808080808081
29 0.5 0.4936868686868687 0.9444444444444444 0.08585858585858586
29 0.5 0.5858585858585859 0.9444444444444444 0.08333333333333333
29 0.5138888888888888 0.6767676767676768 0.9166666666666666 0.08585858585858586
29 0.5138888888888888 0.7664141414141414 0.9444444444444444 0.08585858585858586
29 0.5 0.8573232323232324 0.9444444444444444 0.08333333333333333
29 0.5138888888888888 0.9482323232323232 0.9444444444444444 0.08585858585858586