25 0.03125 0.03148148148148148 0.0625 0.06296296296296296
25 0.09027777777777778 0.8296296296296296 0.059027777777777776 0.06296296296296296
25 0.027777777777777776 0.8296296296296296 0.05555555555555555 0.06296296296296296
25 0.029513888888888888 0.762962962962963 0.059027777777777776 0.06296296296296296
25 0.09027777777777778 0.7611111111111111 0.059027777777777776 0.06296296296296296
25 0.027777777777777776 0.6944444444444444 0.05555555555555555 0.06296296296296296
25 0.027777777777777776 0.6277777777777778 0.05555555555555555 0.06296296296296296
25 0.029513888888888888 0.562962962962963 0.059027777777777776 0.06666666666666667
25 0.09027777777777778 0.6962962962962963 0.059027777777777776 0.06296296296296296
25 0.09027777777777778 0.6296296296296297 0.059027777777777776 0.06296296296296296
25 0.09027777777777778 0.562962962962963 0.059027777777777776 0.06296296296296296
25 0.2777777777777778 0.6296296296296297 0.059027777777777776 0.06296296296296296
25 0.2777777777777778 0.562962962962963 0.059027777777777776 0.06296296296296296
25 0.2777777777777778 0.6962962962962963 0.059027777777777776 0.06296296296296296
25 0.3402777777777778 0.6962962962962963 0.059027777777777776 0.06296296296296296
25 0.3402777777777778 0.6296296296296297 0.059027777777777776 0.06296296296296296
25 0.3402777777777778 0.562962962962963 0.059027777777777776 0.06296296296296296
25 0.4027777777777778 0.6962962962962963 0.059027777777777776 0.06296296296296296
25 0.4027777777777778 0.6296296296296297 0.0625 0.06296296296296296
25 0.4027777777777778 0.562962962962963 0.059027777777777776 0.06296296296296296
25 0.4652777777777778 0.562962962962963 0.059027777777777776 0.06296296296296296
25 0.4652777777777778 0.6277777777777778 0.059027777777777776 0.06296296296296296
25 0.4652777777777778 0.6962962962962963 0.059027777777777776 0.06296296296296296
25 0.4652777777777778 0.362962962962963 0.059027777777777776 0.06296296296296296
25 0.4652777777777778 0.42962962962962964 0.059027777777777776 0.06666666666666667
25 0.4652777777777778 0.4962962962962963 0.0625 0.06296296296296296
25 0.4027777777777778 0.4962962962962963 0.059027777777777776 0.06296296296296296
25 0.3402777777777778 0.4962962962962963 0.059027777777777776 0.06296296296296296
25 0.2777777777777778 0.4962962962962963 0.059027777777777776 0.06296296296296296
25 0.09027777777777778 0.4962962962962963 0.059027777777777776 0.06296296296296296
25 0.029513888888888888 0.49444444444444446 0.059027777777777776 0.06296296296296296
25 0.027777777777777776 0.42777777777777776 0.05555555555555555 0.06296296296296296
25 0.09027777777777778 0.42962962962962964 0.059027777777777776 0.06296296296296296
25 0.2777777777777778 0.42777777777777776 0.059027777777777776 0.06296296296296296
25 0.3402777777777778 0.42777777777777776 0.059027777777777776 0.06296296296296296
25 0.4027777777777778 0.42962962962962964 0.059027777777777776 0.06296296296296296
25 0.4027777777777778 0.362962962962963 0.059027777777777776 0.06296296296296296
25 0.3402777777777778 0.362962962962963 0.059027777777777776 0.06296296296296296
25 0.2777777777777778 0.3611111111111111 0.059027777777777776 0.06296296296296296
25 0.09027777777777778 0.362962962962963 0.059027777777777776 0.06296296296296296
25 0.027777777777777776 0.3611111111111111 0.05555555555555555 0.06296296296296296
25 0.029513888888888888 0.2962962962962963 0.059027777777777776 0.06296296296296296
25 0.09027777777777778 0.29444444444444445 0.0625 0.06296296296296296
25 0.1545138888888889 0.2962962962962963 0.059027777777777776 0.06296296296296296
25 0.2152777777777778 0.2962962962962963 0.059027777777777776 0.06296296296296296
25 0.2777777777777778 0.2962962962962963 0.059027777777777776 0.06296296296296296
25 0.3402777777777778 0.2962962962962963 0.059027777777777776 0.06296296296296296
25 0.4027777777777778 0.2962962962962963 0.059027777777777776 0.06296296296296296
25 0.4652777777777778 0.2962962962962963 0.059027777777777776 0.06296296296296296
25 0.5277777777777778 0.2962962962962963 0.059027777777777776 0.06666666666666667
25 0.029513888888888888 0.22962962962962963 0.059027777777777776 0.06666666666666667
25 0.0920138888888889 0.22962962962962963 0.0625 0.06296296296296296
25 0.1527777777777778 0.22962962962962963 0.05555555555555555 0.06296296296296296
25 0.2152777777777778 0.22962962962962963 0.059027777777777776 0.06296296296296296
25 0.2777777777777778 0.22962962962962963 0.059027777777777776 0.06296296296296296
25 0.3402777777777778 0.22962962962962963 0.059027777777777776 0.06666666666666667
25 0.4027777777777778 0.22962962962962963 0.059027777777777776 0.06296296296296296
25 0.4670138888888889 0.22962962962962963 0.0625 0.06296296296296296
25 0.5277777777777778 0.22962962962962963 0.059027777777777776 0.06296296296296296
25 0.5902777777777778 0.22962962962962963 0.059027777777777776 0.06296296296296296
25 0.6527777777777778 0.22962962962962963 0.059027777777777776 0.06666666666666667
25 0.7170138888888888 0.22777777777777777 0.0625 0.06666666666666667
25 0.027777777777777776 0.16111111111111112 0.05555555555555555 0.06296296296296296
25 0.09027777777777778 0.16296296296296298 0.059027777777777776 0.06296296296296296
25 0.1527777777777778 0.16296296296296298 0.0625 0.06296296296296296
25 0.2152777777777778 0.16296296296296298 0.059027777777777776 0.06296296296296296
25 0.2777777777777778 0.16111111111111112 0.059027777777777776 0.06296296296296296
25 0.3420138888888889 0.16296296296296298 0.059027777777777776 0.06296296296296296
25 0.4027777777777778 0.16296296296296298 0.059027777777777776 0.05925925925925926
25 0.4670138888888889 0.16296296296296298 0.059027777777777776 0.06296296296296296
25 0.5277777777777778 0.16296296296296298 0.059027777777777776 0.06296296296296296
25 0.5920138888888888 0.16296296296296298 0.059027777777777776 0.06296296296296296
25 0.6545138888888888 0.16296296296296298 0.059027777777777776 0.06296296296296296
25 0.7170138888888888 0.16111111111111112 0.059027777777777776 0.06296296296296296
25 0.7760416666666666 0.16111111111111112 0.059027777777777776 0.06296296296296296
25 0.7795138888888888 0.0962962962962963 0.059027777777777776 0.06296296296296296
25 0.7152777777777778 0.0962962962962963 0.059027777777777776 0.06296296296296296
25 0.6527777777777778 0.0962962962962963 0.059027777777777776 0.06296296296296296
25 0.5920138888888888 0.09444444444444444 0.0625 0.06296296296296296
25 0.7760416666666666 0.02962962962962963 0.059027777777777776 0.05925925925925926
25 0.7170138888888888 0.02962962962962963 0.059027777777777776 0.05925925925925926
25 0.6510416666666666 0.02962962962962963 0.059027777777777776 0.05925925925925926
25 0.5920138888888888 0.02962962962962963 0.059027777777777776 0.05925925925925926
25 0.5277777777777778 0.0962962962962963 0.0625 0.06666666666666667
25 0.4652777777777778 0.0962962962962963 0.0625 0.06296296296296296
25 0.4027777777777778 0.0962962962962963 0.059027777777777776 0.06296296296296296
25 0.3402777777777778 0.0962962962962963 0.059027777777777776 0.06296296296296296
25 0.2760416666666667 0.09444444444444444 0.059027777777777776 0.06296296296296296
25 0.5277777777777778 0.02962962962962963 0.0625 0.05925925925925926
25 0.4652777777777778 0.03148148148148148 0.0625 0.06296296296296296
25 0.4027777777777778 0.03148148148148148 0.059027777777777776 0.06296296296296296
25 0.3402777777777778 0.02962962962962963 0.05555555555555555 0.05925925925925926
25 0.2777777777777778 0.02962962962962963 0.059027777777777776 0.05925925925925926
25 0.2170138888888889 0.03148148148148148 0.059027777777777776 0.06296296296296296
25 0.1527777777777778 0.02962962962962963 0.059027777777777776 0.05925925925925926
25 0.0920138888888889 0.02962962962962963 0.059027777777777776 0.05925925925925926
25 0.2152777777777778 0.09814814814814815 0.0625 0.06296296296296296
25 0.1527777777777778 0.09444444444444444 0.059027777777777776 0.06296296296296296
25 0.09027777777777778 0.0962962962962963 0.059027777777777776 0.06296296296296296
25 0.029513888888888888 0.0962962962962963 0.059027777777777776 0.06296296296296296