21 0.06076388888888889 0.9833333333333333 0.059027777777777776 0.03333333333333333
21 0.9340277777777778 0.9851851851851852 0.0625 0.02962962962962963
21 0.9340277777777778 0.937037037037037 0.059027777777777776 0.06666666666666667
21 0.9340277777777778 0.8685185185185185 0.059027777777777776 0.06296296296296296
21 0.9340277777777778 0.8037037037037037 0.059027777777777776 0.06296296296296296
21 0.9340277777777778 0.6037037037037037 0.0625 0.06296296296296296
21 0.9340277777777778 0.6703703703703704 0.059027777777777776 0.06666666666666667
21 0.9340277777777778 0.737037037037037 0.059027777777777776 0.06296296296296296
21 0.8697916666666666 0.987037037037037 0.059027777777777776 0.025925925925925925
21 0.8715277777777778 0.6037037037037037 0.059027777777777776 0.06296296296296296
21 0.8715277777777778 0.6703703703703704 0.059027777777777776 0.06296296296296296
21 0.8715277777777778 0.937037037037037 0.059027777777777776 0.06296296296296296
21 0.8715277777777778 0.8703703703703703 0.059027777777777776 0.06296296296296296
21 0.8715277777777778 0.8037037037037037 0.059027777777777776 0.06296296296296296
21 0.8715277777777778 0.737037037037037 0.059027777777777776 0.06296296296296296
21 0.8090277777777778 0.6037037037037037 0.059027777777777776 0.06296296296296296
21 0.8090277777777778 0.6703703703703704 0.059027777777777776 0.06296296296296296
21 0.8090277777777778 0.737037037037037 0.059027777777777776 0.06296296296296296
21 0.8090277777777778 0.8037037037037037 0.059027777777777776 0.06296296296296296
21 0.8090277777777778 0.8703703703703703 0.059027777777777776 0.06296296296296296
21 0.8090277777777778 0.937037037037037 0.059027777777777776 0.06296296296296296
21 0.8072916666666666 0.987037037037037 0.059027777777777776 0.025925925925925925
21 0.7447916666666666 0.9851851851851852 0.059027777777777776 0.02962962962962963
21 0.7447916666666666 0.937037037037037 0.059027777777777776 0.06296296296296296
21 0.7465277777777778 0.8703703703703703 0.059027777777777776 0.06666666666666667
21 0.7465277777777778 0.8037037037037037 0.059027777777777776 0.06296296296296296
21 0.7465277777777778 0.737037037037037 0.059027777777777776 0.06296296296296296
21 0.7465277777777778 0.6703703703703704 0.059027777777777776 0.06296296296296296
21 0.7465277777777778 0.6018518518518519 0.059027777777777776 0.06296296296296296
21 0.7465277777777778 0.5370370370370371 0.059027777777777776 0.06296296296296296
21 0.7465277777777778 0.4703703703703704 0.059027777777777776 0.06296296296296296
21 0.7465277777777778 0.40370370370370373 0.059027777777777776 0.06296296296296296
21 0.7465277777777778 0.337037037037037 0.059027777777777776 0.06296296296296296
21 0.7465277777777778 0.27037037037037037 0.059027777777777776 0.06296296296296296
21 0.6822916666666666 0.987037037037037 0.059027777777777776 0.025925925925925925
21 0.6197916666666666 0.987037037037037 0.059027777777777776 0.025925925925925925
21 0.5590277777777778 0.9851851851851852 0.0625 0.02962962962962963
21 0.6840277777777778 0.937037037037037 0.059027777777777776 0.06296296296296296
21 0.6215277777777778 0.937037037037037 0.059027777777777776 0.06296296296296296
21 0.5590277777777778 0.937037037037037 0.059027777777777776 0.06296296296296296
21 0.5590277777777778 0.8703703703703703 0.059027777777777776 0.06666666666666667
21 0.6215277777777778 0.8703703703703703 0.059027777777777776 0.06296296296296296
21 0.6840277777777778 0.8703703703703703 0.059027777777777776 0.06296296296296296
21 0.6840277777777778 0.8037037037037037 0.059027777777777776 0.06296296296296296
21 0.6215277777777778 0.8037037037037037 0.059027777777777776 0.06296296296296296
21 0.6215277777777778 0.737037037037037 0.059027777777777776 0.06296296296296296
21 0.5590277777777778 0.737037037037037 0.059027777777777776 0.06296296296296296
21 0.5590277777777778 0.8037037037037037 0.059027777777777776 0.06296296296296296
21 0.6840277777777778 0.737037037037037 0.059027777777777776 0.06296296296296296
21 0.6840277777777778 0.6703703703703704 0.059027777777777776 0.06296296296296296
21 0.6215277777777778 0.6703703703703704 0.059027777777777776 0.06296296296296296
21 0.5590277777777778 0.6703703703703704 0.059027777777777776 0.06296296296296296
21 0.6840277777777778 0.6037037037037037 0.059027777777777776 0.06296296296296296
21 0.6215277777777778 0.6037037037037037 0.059027777777777776 0.06666666666666667
21 0.5590277777777778 0.6037037037037037 0.059027777777777776 0.06296296296296296
21 0.5590277777777778 0.5370370370370371 0.059027777777777776 0.06296296296296296
21 0.6197916666666666 0.5370370370370371 0.059027777777777776 0.06296296296296296
21 0.6840277777777778 0.5370370370370371 0.059027777777777776 0.06296296296296296
21 0.6840277777777778 0.4703703703703704 0.059027777777777776 0.06296296296296296
21 0.6215277777777778 0.4703703703703704 0.059027777777777776 0.06296296296296296
21 0.5590277777777778 0.4703703703703704 0.059027777777777776 0.06296296296296296
21 0.6840277777777778 0.40370370370370373 0.059027777777777776 0.06296296296296296
21 0.6215277777777778 0.40370370370370373 0.059027777777777776 0.06296296296296296
21 0.5590277777777778 0.40370370370370373 0.059027777777777776 0.06296296296296296
21 0.5590277777777778 0.337037037037037 0.059027777777777776 0.06296296296296296
21 0.6840277777777778 0.337037037037037 0.059027777777777776 0.06296296296296296
21 0.6840277777777778 0.27037037037037037 0.059027777777777776 0.06296296296296296
21 0.6840277777777778 0.2037037037037037 0.059027777777777776 0.06296296296296296
21 0.6215277777777778 0.337037037037037 0.059027777777777776 0.06296296296296296
21 0.6215277777777778 0.27037037037037037 0.059027777777777776 0.06296296296296296
21 0.6215277777777778 0.2037037037037037 0.059027777777777776 0.06296296296296296
21 0.5590277777777778 0.27037037037037037 0.0625 0.06296296296296296
21 0.5590277777777778 0.2037037037037037 0.0625 0.06296296296296296
21 0.4965277777777778 0.2037037037037037 0.059027777777777776 0.06296296296296296
21 0.4340277777777778 0.2037037037037037 0.059027777777777776 0.06296296296296296
21 0.3715277777777778 0.2037037037037037 0.059027777777777776 0.06296296296296296
21 0.3715277777777778 0.2722222222222222 0.059027777777777776 0.06296296296296296
21 0.4340277777777778 0.27037037037037037 0.059027777777777776 0.06296296296296296
21 0.4965277777777778 0.27037037037037037 0.059027777777777776 0.06296296296296296
21 0.4965277777777778 0.337037037037037 0.059027777777777776 0.06296296296296296
21 0.4340277777777778 0.337037037037037 0.059027777777777776 0.06296296296296296
21 0.3715277777777778 0.337037037037037 0.059027777777777776 0.05925925925925926
21 0.3715277777777778 0.40370370370370373 0.059027777777777776 0.06296296296296296
21 0.4340277777777778 0.40370370370370373 0.059027777777777776 0.06296296296296296
21 0.4947916666666667 0.40555555555555556 0.059027777777777776 0.06296296296296296
21 0.3715277777777778 0.4703703703703704 0.059027777777777776 0.06296296296296296
21 0.4322916666666667 0.4703703703703704 0.059027777777777776 0.06296296296296296
21 0.4965277777777778 0.4703703703703704 0.059027777777777776 0.06296296296296296
21 0.3715277777777778 0.5370370370370371 0.059027777777777776 0.06296296296296296
21 0.4340277777777778 0.5370370370370371 0.0625 0.06296296296296296
21 0.4965277777777778 0.5370370370370371 0.059027777777777776 0.06666666666666667
21 0.4965277777777778 0.6037037037037037 0.059027777777777776 0.06296296296296296
21 0.4965277777777778 0.6703703703703704 0.059027777777777776 0.06296296296296296
21 0.4965277777777778 0.737037037037037 0.059027777777777776 0.06296296296296296
21 0.4965277777777778 0.8037037037037037 0.059027777777777776 0.06296296296296296
21 0.4965277777777778 0.8703703703703703 0.059027777777777776 0.06296296296296296
21 0.4965277777777778 0.937037037037037 0.059027777777777776 0.06296296296296296
21 0.4947916666666667 0.9851851851851852 0.059027777777777776 0.02962962962962963
21 0.4322916666666667 0.987037037037037 0.059027777777777776 0.025925925925925925
21 0.4340277777777778 0.937037037037037 0.059027777777777776 0.06296296296296296
21 0.4340277777777778 0.8703703703703703 0.0625 0.06296296296296296
21 0.4340277777777778 0.8037037037037037 0.0625 0.06296296296296296
21 0.4322916666666667 0.737037037037037 0.059027777777777776 0.06296296296296296
21 0.4322916666666667 0.6703703703703704 0.059027777777777776 0.06296296296296296
21 0.4340277777777778 0.6037037037037037 0.059027777777777776 0.06296296296296296
21 0.3715277777777778 0.6037037037037037 0.059027777777777776 0.06296296296296296
21 0.3715277777777778 0.6703703703703704 0.059027777777777776 0.06296296296296296
21 0.3697916666666667 0.737037037037037 0.059027777777777776 0.06296296296296296
21 0.3732638888888889 0.8037037037037037 0.059027777777777776 0.06296296296296296
21 0.3715277777777778 0.8703703703703703 0.059027777777777776 0.06296296296296296
21 0.3715277777777778 0.937037037037037 0.059027777777777776 0.06296296296296296
21 0.3697916666666667 0.987037037037037 0.059027777777777776 0.025925925925925925
21 0.3072916666666667 0.9851851851851852 0.059027777777777776 0.02962962962962963
21 0.3072916666666667 0.937037037037037 0.059027777777777776 0.06666666666666667
21 0.3090277777777778 0.8685185185185185 0.059027777777777776 0.06296296296296296
21 0.3090277777777778 0.8037037037037037 0.059027777777777776 0.06296296296296296
21 0.3090277777777778 0.737037037037037 0.059027777777777776 0.06296296296296296
21 0.3090277777777778 0.6703703703703704 0.059027777777777776 0.06296296296296296
21 0.3090277777777778 0.6037037037037037 0.059027777777777776 0.06296296296296296
21 0.3090277777777778 0.5370370370370371 0.059027777777777776 0.06296296296296296
21 0.3090277777777778 0.4703703703703704 0.0625 0.06296296296296296
21 0.2465277777777778 0.9851851851851852 0.0625 0.02962962962962963
21 0.2465277777777778 0.9351851851851852 0.059027777777777776 0.06666666666666667
21 0.2465277777777778 0.8703703703703703 0.059027777777777776 0.05925925925925926
21 0.2465277777777778 0.8037037037037037 0.059027777777777776 0.06296296296296296
21 0.2465277777777778 0.737037037037037 0.059027777777777776 0.06296296296296296
21 0.2465277777777778 0.6703703703703704 0.0625 0.06296296296296296
21 0.2465277777777778 0.6037037037037037 0.059027777777777776 0.06296296296296296
21 0.2465277777777778 0.5351851851851852 0.059027777777777776 0.06666666666666667
21 0.2465277777777778 0.4703703703703704 0.059027777777777776 0.06296296296296296
21 0.2465277777777778 0.40370370370370373 0.059027777777777776 0.06296296296296296
21 0.2465277777777778 0.337037037037037 0.0625 0.06296296296296296
21 0.24479166666666666 0.26851851851851855 0.0625 0.06666666666666667
21 0.18229166666666666 0.987037037037037 0.059027777777777776 0.025925925925925925
21 0.1840277777777778 0.937037037037037 0.059027777777777776 0.06296296296296296
21 0.1840277777777778 0.8703703703703703 0.059027777777777776 0.06666666666666667
21 0.1840277777777778 0.8037037037037037 0.059027777777777776 0.06296296296296296
21 0.18229166666666666 0.737037037037037 0.059027777777777776 0.06296296296296296
21 0.1840277777777778 0.6685185185185185 0.059027777777777776 0.06296296296296296
21 0.1840277777777778 0.6037037037037037 0.05555555555555555 0.06296296296296296
21 0.1840277777777778 0.5351851851851852 0.059027777777777776 0.06296296296296296
21 0.1840277777777778 0.4703703703703704 0.059027777777777776 0.06296296296296296
21 0.1840277777777778 0.40185185185185185 0.059027777777777776 0.06296296296296296
21 0.1840277777777778 0.3351851851851852 0.059027777777777776 0.06296296296296296
21 0.18229166666666666 0.26851851851851855 0.059027777777777776 0.06296296296296296
21 0.2465277777777778 0.1388888888888889 0.0625 0.06296296296296296
21 0.2465277777777778 0.07037037037037037 0.059027777777777776 0.06296296296296296
21 0.24479166666666666 0.016666666666666666 0.059027777777777776 0.03333333333333333
21 0.18229166666666666 0.016666666666666666 0.059027777777777776 0.03333333333333333
21 0.1840277777777778 0.07037037037037037 0.059027777777777776 0.06296296296296296
21 0.1840277777777778 0.13518518518518519 0.059027777777777776 0.06296296296296296
21 0.18229166666666666 0.20555555555555555 0.059027777777777776 0.06296296296296296
21 0.11979166666666667 0.016666666666666666 0.059027777777777776 0.03333333333333333
21 0.1232638888888889 0.06851851851851852 0.059027777777777776 0.06296296296296296
21 0.12152777777777778 0.13703703703703704 0.059027777777777776 0.06296296296296296
21 0.12152777777777778 0.20185185185185187 0.059027777777777776 0.06296296296296296
21 0.12152777777777778 0.27037037037037037 0.059027777777777776 0.06296296296296296
21 0.12152777777777778 0.337037037037037 0.059027777777777776 0.06296296296296296
21 0.11979166666666667 0.40185185185185185 0.059027777777777776 0.06666666666666667
21 0.059027777777777776 0.016666666666666666 0.05555555555555555 0.03333333333333333
21 0.06076388888888889 0.07037037037037037 0.059027777777777776 0.06296296296296296
21 0.06076388888888889 0.13703703703703704 0.059027777777777776 0.06296296296296296
21 0.059027777777777776 0.20555555555555555 0.05555555555555555 0.06296296296296296
21 0.059027777777777776 0.26851851851851855 0.05555555555555555 0.06296296296296296
21 0.059027777777777776 0.3388888888888889 0.05555555555555555 0.06296296296296296
21 0.059027777777777776 0.40185185185185185 0.05555555555555555 0.06296296296296296
21 0.12152777777777778 0.4703703703703704 0.0625 0.06666666666666667
21 0.12152777777777778 0.5370370370370371 0.059027777777777776 0.06666666666666667
21 0.12152777777777778 0.6037037037037037 0.059027777777777776 0.06296296296296296
21 0.12152777777777778 0.6703703703703704 0.059027777777777776 0.06296296296296296
21 0.11979166666666667 0.7388888888888889 0.059027777777777776 0.06296296296296296
21 0.059027777777777776 0.4703703703703704 0.05555555555555555 0.06666666666666667
21 0.06076388888888889 0.5370370370370371 0.059027777777777776 0.06666666666666667
21 0.06076388888888889 0.6037037037037037 0.059027777777777776 0.06296296296296296
21 0.059027777777777776 0.6703703703703704 0.05555555555555555 0.05925925925925926
21 0.059027777777777776 0.737037037037037 0.05555555555555555 0.06296296296296296
21 0.06076388888888889 0.8018518518518518 0.059027777777777776 0.06296296296296296
21 0.059027777777777776 0.8703703703703703 0.05555555555555555 0.06296296296296296
21 0.059027777777777776 0.9351851851851852 0.05555555555555555 0.06296296296296296
21 0.1232638888888889 0.8037037037037037 0.059027777777777776 0.06666666666666667
21 0.11979166666666667 0.8703703703703703 0.059027777777777776 0.06296296296296296
21 0.12152777777777778 0.937037037037037 0.059027777777777776 0.06296296296296296
21 0.11979166666666667 0.9851851851851852 0.059027777777777776 0.02962962962962963