11 0.9392361111111112 0.016666666666666666 0.059027777777777776 0.03333333333333333
11 0.06597222222222222 0.014814814814814815 0.0625 0.02962962962962963
11 0.06597222222222222 0.06296296296296296 0.059027777777777776 0.06666666666666667
11 0.06597222222222222 0.13148148148148148 0.059027777777777776 0.06296296296296296
11 0.06597222222222222 0.1962962962962963 0.059027777777777776 0.06296296296296296
11 0.06597222222222222 0.3962962962962963 0.0625 0.06296296296296296
11 0.06597222222222222 0.3296296296296296 0.059027777777777776 0.06666666666666667
11 0.06597222222222222 0.26296296296296295 0.059027777777777776 0.06296296296296296
11 0.1267361111111111 0.012962962962962963 0.059027777777777776 0.025925925925925925
11 0.1284722222222222 0.3962962962962963 0.059027777777777776 0.06296296296296296
11 0.1284722222222222 0.3296296296296296 0.059027777777777776 0.06296296296296296
11 0.1284722222222222 0.06296296296296296 0.059027777777777776 0.06296296296296296
11 0.1284722222222222 0.12962962962962962 0.059027777777777776 0.06296296296296296
11 0.1284722222222222 0.1962962962962963 0.059027777777777776 0.06296296296296296
11 0.1284722222222222 0.26296296296296295 0.059027777777777776 0.06296296296296296
11 0.1909722222222222 0.3962962962962963 0.059027777777777776 0.06296296296296296
11 0.1909722222222222 0.3296296296296296 0.059027777777777776 0.06296296296296296
11 0.1909722222222222 0.26296296296296295 0.059027777777777776 0.06296296296296296
11 0.1909722222222222 0.1962962962962963 0.059027777777777776 0.06296296296296296
11 0.1909722222222222 0.12962962962962962 0.059027777777777776 0.06296296296296296
11 0.1909722222222222 0.06296296296296296 0.059027777777777776 0.06296296296296296
11 0.1892361111111111 0.012962962962962963 0.059027777777777776 0.025925925925925925
11 0.2517361111111111 0.014814814814814815 0.059027777777777776 0.02962962962962963
11 0.2552083333333333 0.06296296296296296 0.059027777777777776 0.06296296296296296
11 0.2534722222222222 0.12962962962962962 0.059027777777777776 0.06666666666666667
11 0.2534722222222222 0.1962962962962963 0.059027777777777776 0.06296296296296296
11 0.2534722222222222 0.26296296296296295 0.059027777777777776 0.06296296296296296
11 0.2534722222222222 0.3296296296296296 0.059027777777777776 0.06296296296296296
11 0.2534722222222222 0.39814814814814814 0.059027777777777776 0.06296296296296296
11 0.2534722222222222 0.46296296296296297 0.059027777777777776 0.06296296296296296
11 0.2534722222222222 0.5296296296296297 0.059027777777777776 0.06296296296296296
11 0.2534722222222222 0.5962962962962963 0.059027777777777776 0.06296296296296296
11 0.2534722222222222 0.662962962962963 0.059027777777777776 0.06296296296296296
11 0.2534722222222222 0.7296296296296296 0.059027777777777776 0.06296296296296296
11 0.3177083333333333 0.012962962962962963 0.059027777777777776 0.025925925925925925
11 0.3802083333333333 0.012962962962962963 0.059027777777777776 0.025925925925925925
11 0.4409722222222222 0.014814814814814815 0.0625 0.02962962962962963
11 0.3159722222222222 0.06296296296296296 0.059027777777777776 0.06296296296296296
11 0.3784722222222222 0.06296296296296296 0.059027777777777776 0.06296296296296296
11 0.4409722222222222 0.06296296296296296 0.059027777777777776 0.06296296296296296
11 0.4409722222222222 0.12962962962962962 0.059027777777777776 0.06666666666666667
11 0.3784722222222222 0.12962962962962962 0.059027777777777776 0.06296296296296296
11 0.3159722222222222 0.12962962962962962 0.059027777777777776 0.06296296296296296
11 0.3159722222222222 0.1962962962962963 0.059027777777777776 0.06296296296296296
11 0.3784722222222222 0.1962962962962963 0.059027777777777776 0.06296296296296296
11 0.3784722222222222 0.26296296296296295 0.059027777777777776 0.06296296296296296
11 0.4409722222222222 0.26296296296296295 0.059027777777777776 0.06296296296296296
11 0.4409722222222222 0.1962962962962963 0.059027777777777776 0.06296296296296296
11 0.3159722222222222 0.26296296296296295 0.059027777777777776 0.06296296296296296
11 0.3159722222222222 0.3296296296296296 0.059027777777777776 0.06296296296296296
11 0.3784722222222222 0.3296296296296296 0.059027777777777776 0.06296296296296296
11 0.4409722222222222 0.3296296296296296 0.059027777777777776 0.06296296296296296
11 0.3159722222222222 0.3962962962962963 0.059027777777777776 0.06296296296296296
11 0.3784722222222222 0.3962962962962963 0.059027777777777776 0.06666666666666667
11 0.4409722222222222 0.3962962962962963 0.059027777777777776 0.06296296296296296
11 0.4409722222222222 0.46296296296296297 0.059027777777777776 0.06296296296296296
11 0.3802083333333333 0.46296296296296297 0.059027777777777776 0.06296296296296296
11 0.3159722222222222 0.46296296296296297 0.059027777777777776 0.06296296296296296
11 0.3159722222222222 0.5296296296296297 0.059027777777777776 0.06296296296296296
11 0.3784722222222222 0.5296296296296297 0.059027777777777776 0.06296296296296296
11 0.4409722222222222 0.5296296296296297 0.059027777777777776 0.06296296296296296
11 0.3159722222222222 0.5962962962962963 0.059027777777777776 0.06296296296296296
11 0.3784722222222222 0.5962962962962963 0.059027777777777776 0.06296296296296296
11 0.4409722222222222 0.5962962962962963 0.059027777777777776 0.06296296296296296
11 0.4409722222222222 0.662962962962963 0.059027777777777776 0.06296296296296296
11 0.3159722222222222 0.662962962962963 0.059027777777777776 0.06296296296296296
11 0.3159722222222222 0.7296296296296296 0.059027777777777776 0.06296296296296296
11 0.3159722222222222 0.7962962962962963 0.059027777777777776 0.06296296296296296
11 0.3784722222222222 0.662962962962963 0.059027777777777776 0.06296296296296296
11 0.3784722222222222 0.7296296296296296 0.059027777777777776 0.06296296296296296
11 0.3784722222222222 0.7962962962962963 0.059027777777777776 0.06296296296296296
11 0.4409722222222222 0.7296296296296296 0.0625 0.06296296296296296
11 0.4409722222222222 0.7962962962962963 0.0625 0.06296296296296296
11 0.5034722222222222 0.7962962962962963 0.059027777777777776 0.06296296296296296
11 0.5659722222222222 0.7962962962962963 0.059027777777777776 0.06296296296296296
11 0.6284722222222222 0.7962962962962963 0.059027777777777776 0.06296296296296296
11 0.6284722222222222 0.7277777777777777 0.059027777777777776 0.06296296296296296
11 0.5659722222222222 0.7296296296296296 0.059027777777777776 0.06296296296296296
11 0.5034722222222222 0.7296296296296296 0.059027777777777776 0.06296296296296296
11 0.5034722222222222 0.662962962962963 0.059027777777777776 0.06296296296296296
11 0.5659722222222222 0.662962962962963 0.059027777777777776 0.06296296296296296
11 0.6284722222222222 0.662962962962963 0.059027777777777776 0.05925925925925926
11 0.6284722222222222 0.5962962962962963 0.059027777777777776 0.06296296296296296
11 0.5659722222222222 0.5962962962962963 0.059027777777777776 0.06296296296296296
11 0.5052083333333334 0.5944444444444444 0.059027777777777776 0.06296296296296296
11 0.6284722222222222 0.5296296296296297 0.059027777777777776 0.06296296296296296
11 0.5677083333333334 0.5296296296296297 0.059027777777777776 0.06296296296296296
11 0.5034722222222222 0.5296296296296297 0.059027777777777776 0.06296296296296296
11 0.6284722222222222 0.46296296296296297 0.059027777777777776 0.06296296296296296
11 0.5659722222222222 0.46296296296296297 0.0625 0.06296296296296296
11 0.5034722222222222 0.46296296296296297 0.059027777777777776 0.06666666666666667
11 0.5034722222222222 0.3962962962962963 0.059027777777777776 0.06296296296296296
11 0.5034722222222222 0.3296296296296296 0.059027777777777776 0.06296296296296296
11 0.5034722222222222 0.26296296296296295 0.059027777777777776 0.06296296296296296
11 0.5034722222222222 0.1962962962962963 0.059027777777777776 0.06296296296296296
11 0.5034722222222222 0.12962962962962962 0.059027777777777776 0.06296296296296296
11 0.5034722222222222 0.06296296296296296 0.059027777777777776 0.06296296296296296
11 0.5052083333333334 0.014814814814814815 0.059027777777777776 0.02962962962962963
11 0.5677083333333334 0.012962962962962963 0.059027777777777776 0.025925925925925925
11 0.5659722222222222 0.06296296296296296 0.059027777777777776 0.06296296296296296
11 0.5659722222222222 0.12962962962962962 0.0625 0.06296296296296296
11 0.5659722222222222 0.1962962962962963 0.0625 0.06296296296296296
11 0.5677083333333334 0.26296296296296295 0.059027777777777776 0.06296296296296296
11 0.5677083333333334 0.3296296296296296 0.059027777777777776 0.06296296296296296
11 0.5659722222222222 0.3962962962962963 0.059027777777777776 0.06296296296296296
11 0.6284722222222222 0.3962962962962963 0.059027777777777776 0.06296296296296296
11 0.6284722222222222 0.3296296296296296 0.059027777777777776 0.06296296296296296
11 0.6302083333333334 0.26296296296296295 0.059027777777777776 0.06296296296296296
11 0.6267361111111112 0.1962962962962963 0.059027777777777776 0.06296296296296296
11 0.6284722222222222 0.12962962962962962 0.059027777777777776 0.06296296296296296
11 0.6284722222222222 0.06296296296296296 0.059027777777777776 0.06296296296296296
11 0.6302083333333334 0.012962962962962963 0.059027777777777776 0.025925925925925925
11 0.6892361111111112 0.014814814814814815 0.059027777777777776 0.02962962962962963
11 0.6927083333333334 0.06296296296296296 0.059027777777777776 0.06666666666666667
11 0.6909722222222222 0.13148148148148148 0.059027777777777776 0.06296296296296296
11 0.6909722222222222 0.1962962962962963 0.059027777777777776 0.06296296296296296
11 0.6909722222222222 0.26296296296296295 0.059027777777777776 0.06296296296296296
11 0.6909722222222222 0.3296296296296296 0.059027777777777776 0.06296296296296296
11 0.6909722222222222 0.3962962962962963 0.059027777777777776 0.06296296296296296
11 0.6909722222222222 0.46296296296296297 0.059027777777777776 0.06296296296296296
11 0.6909722222222222 0.5296296296296297 0.0625 0.06296296296296296
11 0.7534722222222222 0.014814814814814815 0.0625 0.02962962962962963
11 0.7534722222222222 0.06481481481481481 0.059027777777777776 0.06666666666666667
11 0.7534722222222222 0.12962962962962962 0.059027777777777776 0.05925925925925926
11 0.7534722222222222 0.1962962962962963 0.059027777777777776 0.06296296296296296
11 0.7534722222222222 0.26296296296296295 0.059027777777777776 0.06296296296296296
11 0.7534722222222222 0.3296296296296296 0.0625 0.06296296296296296
11 0.7534722222222222 0.3962962962962963 0.059027777777777776 0.06296296296296296
11 0.7534722222222222 0.4648148148148148 0.059027777777777776 0.06666666666666667
11 0.7534722222222222 0.5296296296296297 0.059027777777777776 0.06296296296296296
11 0.7534722222222222 0.5962962962962963 0.059027777777777776 0.06296296296296296
11 0.7534722222222222 0.662962962962963 0.0625 0.06296296296296296
11 0.7552083333333334 0.7314814814814815 0.0625 0.06666666666666667
11 0.8177083333333334 0.012962962962962963 0.059027777777777776 0.025925925925925925
11 0.8159722222222222 0.06296296296296296 0.059027777777777776 0.06296296296296296
11 0.8159722222222222 0.12962962962962962 0.059027777777777776 0.06666666666666667
11 0.8159722222222222 0.1962962962962963 0.059027777777777776 0.06296296296296296
11 0.8177083333333334 0.26296296296296295 0.059027777777777776 0.06296296296296296
11 0.8159722222222222 0.3314814814814815 0.059027777777777776 0.06296296296296296
11 0.8159722222222222 0.3962962962962963 0.05555555555555555 0.06296296296296296
11 0.8159722222222222 0.4648148148148148 0.059027777777777776 0.06296296296296296
11 0.8159722222222222 0.5296296296296297 0.059027777777777776 0.06296296296296296
11 0.8159722222222222 0.5981481481481481 0.059027777777777776 0.06296296296296296
11 0.8159722222222222 0.6648148148148149 0.059027777777777776 0.06296296296296296
11 0.8177083333333334 0.7314814814814815 0.059027777777777776 0.06296296296296296
11 0.7534722222222222 0.8611111111111112 0.0625 0.06296296296296296
11 0.7534722222222222 0.9296296296296296 0.059027777777777776 0.06296296296296296
11 0.7517361111111112 0.9814814814814815 0.059027777777777776 0.037037037037037035
11 0.8142361111111112 0.9833333333333333 0.059027777777777776 0.03333333333333333
11 0.8159722222222222 0.9296296296296296 0.059027777777777776 0.06296296296296296
11 0.8159722222222222 0.8648148148148148 0.059027777777777776 0.06296296296296296
11 0.8177083333333334 0.7944444444444444 0.059027777777777776 0.06296296296296296
11 0.8767361111111112 0.9833333333333333 0.059027777777777776 0.03333333333333333
11 0.8767361111111112 0.9314814814814815 0.059027777777777776 0.06296296296296296
11 0.8784722222222222 0.8629629629629629 0.059027777777777776 0.06296296296296296
11 0.8784722222222222 0.7981481481481482 0.059027777777777776 0.06296296296296296
11 0.8784722222222222 0.7296296296296296 0.059027777777777776 0.06296296296296296
11 0.8784722222222222 0.662962962962963 0.059027777777777776 0.06296296296296296
11 0.8802083333333334 0.5981481481481481 0.059027777777777776 0.06666666666666667
11 0.9409722222222222 0.9814814814814815 0.05555555555555555 0.037037037037037035
11 0.9392361111111112 0.9296296296296296 0.059027777777777776 0.06296296296296296
11 0.9392361111111112 0.8629629629629629 0.059027777777777776 0.06296296296296296
11 0.9409722222222222 0.7944444444444444 0.05555555555555555 0.06296296296296296
11 0.9409722222222222 0.7314814814814815 0.05555555555555555 0.06296296296296296
11 0.9409722222222222 0.6611111111111111 0.05555555555555555 0.06296296296296296
11 0.9409722222222222 0.5981481481481481 0.05555555555555555 0.06296296296296296
11 0.8784722222222222 0.5296296296296297 0.0625 0.06666666666666667
11 0.8784722222222222 0.46296296296296297 0.059027777777777776 0.06666666666666667
11 0.8784722222222222 0.3962962962962963 0.059027777777777776 0.06296296296296296
11 0.8784722222222222 0.3296296296296296 0.059027777777777776 0.06296296296296296
11 0.8802083333333334 0.2611111111111111 0.059027777777777776 0.06296296296296296
11 0.9409722222222222 0.5296296296296297 0.05555555555555555 0.06666666666666667
11 0.9392361111111112 0.46296296296296297 0.059027777777777776 0.06666666666666667
11 0.9392361111111112 0.3962962962962963 0.059027777777777776 0.06296296296296296
11 0.9409722222222222 0.3296296296296296 0.05555555555555555 0.05925925925925926
11 0.9409722222222222 0.26296296296296295 0.05555555555555555 0.06296296296296296
11 0.9392361111111112 0.19814814814814816 0.059027777777777776 0.06296296296296296
11 0.9409722222222222 0.12962962962962962 0.05555555555555555 0.06296296296296296
11 0.9409722222222222 0.06481481481481481 0.05555555555555555 0.06296296296296296
11 0.8767361111111112 0.1962962962962963 0.059027777777777776 0.06666666666666667
11 0.8802083333333334 0.12962962962962962 0.059027777777777776 0.06296296296296296
11 0.8784722222222222 0.06296296296296296 0.059027777777777776 0.06296296296296296
11 0.8767361111111112 0.014814814814814815 0.059027777777777776 0.02962962962962963