40 0.344017094017094 0.9222222222222223 0.07264957264957266 0.15555555555555556
40 0.3418803418803419 0.7166666666666667 0.06837606837606838 0.12222222222222222
40 0.3418803418803419 0.5222222222222223 0.06837606837606838 0.15555555555555556
40 0.3418803418803419 0.31666666666666665 0.06837606837606838 0.14444444444444443
40 0.3418803418803419 0.11666666666666667 0.06837606837606838 0.14444444444444443
40 0.4188034188034188 0.10555555555555556 0.07264957264957266 0.2
40 0.4188034188034188 0.3111111111111111 0.07264957264957266 0.18888888888888888
40 0.4188034188034188 0.5166666666666667 0.07264957264957266 0.2
40 0.4188034188034188 0.7111111111111111 0.07692307692307693 0.12222222222222222
40 0.49786324786324787 0.7111111111111111 0.07692307692307693 0.12222222222222222
40 0.49572649572649574 0.5166666666666667 0.07692307692307693 0.2111111111111111
40 0.4935897435897436 0.3111111111111111 0.07692307692307693 0.18888888888888888
40 0.49572649572649574 0.1111111111111111 0.07264957264957266 0.2
40 0.5683760683760684 0.10555555555555556 0.0641025641025641 0.1111111111111111
40 0.5726495726495726 0.3055555555555556 0.07264957264957266 0.15555555555555556
40 0.5726495726495726 0.5 0.07692307692307693 0.14444444444444443
40 0.6602564102564102 0.1111111111111111 0.04700854700854701 0.2111111111111111
40 0.6581196581196581 0.3111111111111111 0.04700854700854701 0.2
40 0.6581196581196581 0.5111111111111111 0.042735042735042736 0.2
40 0.6495726495726496 0.7111111111111111 0.07692307692307693 0.2
40 0.6495726495726496 0.9055555555555556 0.07264957264957266 0.18888888888888888
40 0.5683760683760684 0.9055555555555556 0.07692307692307693 0.18888888888888888
40 0.5726495726495726 0.7111111111111111 0.07264957264957266 0.18888888888888888
40 0.49572649572649574 0.9222222222222223 0.07692307692307693 0.15555555555555556
40 0.4166666666666667 0.9222222222222223 0.07264957264957266 0.15555555555555556