8 0.6453125 0.5236111111111111 0.01875 0.021296296296296296
8 0.0625 0.4791666666666667 0.01875 0.021296296296296296
3 0.21692708333333333 0.1865740740740741 0.015104166666666667 0.023148148148148147
0 0.24192708333333332 0.18703703703703703 0.015104166666666667 0.022222222222222223
4 0.2682291666666667 0.18888888888888888 0.013541666666666667 0.025925925925925925
1 0.8497395833333333 0.5314814814814814 0.08802083333333334 0.05185185185185185
0 0.9611979166666667 0.5069444444444444 0.015104166666666667 0.019444444444444445
7 0.10546875 0.04259259259259259 0.015104166666666667 0.024074074074074074
8 0.47213541666666664 0.5138888888888888 0.019270833333333334 0.022222222222222223
8 0.23776041666666667 0.4699074074074074 0.0171875 0.021296296296296296
2 0.8666666666666667 0.030555555555555555 0.014583333333333334 0.025925925925925925
3 0.9596354166666666 0.4597222222222222 0.015104166666666667 0.023148148148148147
4 0.9609375 0.5574074074074075 0.013541666666666667 0.025925925925925925
8 0.26979166666666665 0.1375 0.01875 0.021296296296296296