6 0.5908854166666667 0.38425925925925924 0.04010416666666667 0.2851851851851852
7 0.13333333333333333 0.04351851851851852 0.014583333333333334 0.024074074074074074
7 0.026302083333333334 0.6555555555555556 0.015104166666666667 0.024074074074074074
2 0.89453125 0.02962962962962963 0.0140625 0.027777777777777776
2 0.853125 0.029166666666666667 0.013541666666666667 0.026851851851851852
2 0.8385416666666666 0.027314814814814816 0.015625 0.026851851851851852
6 0.6283854166666667 0.4546296296296296 0.03697916666666667 0.15185185185185185
6 0.7802083333333333 0.4861111111111111 0.030208333333333334 0.08703703703703704
8 0.21484375 0.0412037037037037 0.019270833333333334 0.023148148148148147
7 0.054427083333333334 0.5967592592592592 0.0140625 0.023148148148148147
4 0.959375 0.5569444444444445 0.0125 0.026851851851851852
3 0.9596354166666666 0.46064814814814814 0.016145833333333335 0.026851851851851852
0 0.9604166666666667 0.5069444444444444 0.015625 0.019444444444444445
1 0.49557291666666664 0.5523148148148148 0.35885416666666664 0.03796296296296296