8 0.8283854166666667 0.5722222222222222 0.0171875 0.022222222222222223
3 0.9598958333333333 0.4597222222222222 0.014583333333333334 0.023148148148148147
2 0.8395833333333333 0.027777777777777776 0.014583333333333334 0.025925925925925925
0 0.9609375 0.5078703703703704 0.014583333333333334 0.019444444444444445
7 0.10572916666666667 0.043055555555555555 0.015625 0.025
8 0.11276041666666667 0.5435185185185185 0.0171875 0.022222222222222223
8 0.21953125 0.5287037037037037 0.0171875 0.022222222222222223
8 0.71328125 0.5537037037037037 0.0171875 0.022222222222222223
8 0.7549479166666667 0.5407407407407407 0.0171875 0.022222222222222223
8 0.1875 0.1875 0.01875 0.021296296296296296
3 0.21588541666666666 0.1865740740740741 0.015104166666666667 0.023148148148148147