8 0.32005208333333335 0.5277777777777778 0.0171875 0.022222222222222223
8 0.68671875 0.5138888888888888 0.0171875 0.022222222222222223
8 0.7533854166666667 0.5546296296296296 0.0171875 0.022222222222222223
8 0.83828125 0.5546296296296296 0.0171875 0.022222222222222223
8 0.23619791666666667 0.5425925925925926 0.0171875 0.022222222222222223
8 0.26171875 0.5425925925925926 0.0171875 0.022222222222222223
3 0.02578125 0.3592592592592593 0.0171875 0.025925925925925925
0 0.026041666666666668 0.40694444444444444 0.015625 0.019444444444444445
2 0.8802083333333334 0.03009259259259259 0.013541666666666667 0.026851851851851852
8 0.5875 0.5138888888888888 0.016666666666666666 0.022222222222222223
8 0.13333333333333333 0.1865740740740741 0.01875 0.021296296296296296
2 0.8395833333333333 0.027777777777777776 0.014583333333333334 0.025925925925925925
4 0.9606770833333333 0.5574074074074075 0.013020833333333334 0.025925925925925925
4 0.026041666666666668 0.4587962962962963 0.013541666666666667 0.025
7 0.054427083333333334 0.5976851851851852 0.015104166666666667 0.025
3 0.21588541666666666 0.1865740740740741 0.015104166666666667 0.023148148148148147
4 0.26979166666666665 0.18518518518518517 0.013541666666666667 0.025925925925925925