7 0.10546875 0.043055555555555555 0.015104166666666667 0.023148148148148147
3 0.02578125 0.3592592592592593 0.0171875 0.025925925925925925
0 0.026302083333333334 0.40694444444444444 0.015104166666666667 0.019444444444444445
5 0.23567708333333334 0.5333333333333333 0.013020833333333334 0.025925925925925925
5 0.33489583333333334 0.525 0.016666666666666666 0.025925925925925925
5 0.43854166666666666 0.49444444444444446 0.016666666666666666 0.025925925925925925
0 0.24088541666666666 0.18518518518518517 0.015104166666666667 0.018518518518518517
3 0.21588541666666666 0.1865740740740741 0.015104166666666667 0.023148148148148147
8 0.21744791666666666 0.5425925925925926 0.0171875 0.022222222222222223
8 0.44192708333333336 0.5143518518518518 0.0171875 0.021296296296296296
2 0.8947916666666667 0.02962962962962963 0.013541666666666667 0.025925925925925925
2 0.8802083333333334 0.030555555555555555 0.013541666666666667 0.025925925925925925
8 0.3841145833333333 0.5138888888888888 0.0171875 0.022222222222222223
8 0.16145833333333334 0.1875 0.01875 0.021296296296296296
3 0.9598958333333333 0.4597222222222222 0.014583333333333334 0.023148148148148147
5 0.25026041666666665 0.4949074074074074 0.018229166666666668 0.028703703703703703
8 0.16744791666666667 0.5425925925925926 0.0171875 0.022222222222222223