3 0.02578125 0.3592592592592593 0.0171875 0.025925925925925925
3 0.9598958333333333 0.4597222222222222 0.014583333333333334 0.023148148148148147
0 0.026041666666666668 0.40694444444444444 0.015625 0.019444444444444445
0 0.9606770833333333 0.5069444444444444 0.015104166666666667 0.019444444444444445
8 0.4546875 0.5143518518518518 0.016666666666666666 0.019444444444444445
5 0.340625 0.5138888888888888 0.016666666666666666 0.025925925925925925
7 0.10572916666666667 0.043055555555555555 0.014583333333333334 0.023148148148148147
7 0.05416666666666667 0.5967592592592592 0.015625 0.025
2 0.85390625 0.03009259259259259 0.015104166666666667 0.026851851851851852
8 0.31328125 0.5277777777777778 0.0171875 0.022222222222222223
8 0.2799479166666667 0.5259259259259259 0.0171875 0.022222222222222223
4 0.9606770833333333 0.5578703703703703 0.013020833333333334 0.025
4 0.026302083333333334 0.45925925925925926 0.013020833333333334 0.025925925925925925
8 0.16145833333333334 0.1865740740740741 0.01875 0.021296296296296296
0 0.24088541666666666 0.18518518518518517 0.015104166666666667 0.018518518518518517
3 0.21588541666666666 0.1865740740740741 0.015104166666666667 0.023148148148148147
8 0.19609375 0.5370370370370371 0.0171875 0.022222222222222223
8 0.17109375 0.5388888888888889 0.0171875 0.022222222222222223
8 0.14609375 0.5388888888888889 0.0171875 0.022222222222222223
4 0.26979166666666665 0.18518518518518517 0.013541666666666667 0.025925925925925925