3 0.9596354166666666 0.4597222222222222 0.015104166666666667 0.023148148148148147
3 0.02578125 0.3592592592592593 0.0171875 0.025925925925925925
4 0.9606770833333333 0.5569444444444445 0.013020833333333334 0.025
2 0.8395833333333333 0.027777777777777776 0.014583333333333334 0.025925925925925925
2 0.8802083333333334 0.030555555555555555 0.013541666666666667 0.025925925925925925
0 0.9606770833333333 0.5069444444444444 0.015104166666666667 0.019444444444444445
0 0.026302083333333334 0.40694444444444444 0.015104166666666667 0.019444444444444445
7 0.05416666666666667 0.5967592592592592 0.016666666666666666 0.025
8 0.26979166666666665 0.13935185185185187 0.01875 0.021296296296296296
5 0.4119791666666667 0.49537037037037035 0.016666666666666666 0.025925925925925925
4 0.26979166666666665 0.18518518518518517 0.013541666666666667 0.025925925925925925
3 0.21588541666666666 0.1865740740740741 0.015104166666666667 0.023148148148148147