8 0.20286458333333332 0.5388888888888889 0.0171875 0.022222222222222223
8 0.28619791666666666 0.5287037037037037 0.0171875 0.022222222222222223
3 0.9596354166666666 0.4597222222222222 0.015104166666666667 0.023148148148148147
3 0.02578125 0.3592592592592593 0.0171875 0.025925925925925925
7 0.10546875 0.043055555555555555 0.015104166666666667 0.023148148148148147
8 0.5278645833333333 0.513425925925926 0.016145833333333335 0.021296296296296296
0 0.026302083333333334 0.40694444444444444 0.015104166666666667 0.019444444444444445
2 0.8802083333333334 0.03009259259259259 0.013541666666666667 0.026851851851851852
4 0.9606770833333333 0.5564814814814815 0.011979166666666667 0.024074074074074074
4 0.0265625 0.4587962962962963 0.013541666666666667 0.025
8 0.26979166666666665 0.13935185185185187 0.01875 0.021296296296296296
8 0.5778645833333333 0.512962962962963 0.0171875 0.022222222222222223
8 0.31171875 0.524074074074074 0.0171875 0.022222222222222223
8 0.15338541666666666 0.5435185185185185 0.0171875 0.022222222222222223
3 0.21588541666666666 0.1865740740740741 0.015104166666666667 0.023148148148148147
0 0.24088541666666666 0.18518518518518517 0.015104166666666667 0.018518518518518517
4 0.26979166666666665 0.18518518518518517 0.013541666666666667 0.025925925925925925
5 0.37447916666666664 0.5101851851851852 0.016666666666666666 0.025925925925925925