7 0.07708333333333334 0.5949074074074074 0.015104166666666667 0.025
0 0.9606770833333333 0.5069444444444444 0.015104166666666667 0.019444444444444445
4 0.9606770833333333 0.5574074074074075 0.013020833333333334 0.025925925925925925
2 0.8794270833333333 0.02962962962962963 0.0140625 0.027777777777777776
2 0.8513020833333333 0.02962962962962963 0.0140625 0.027777777777777776
8 0.026302083333333334 0.7060185185185185 0.019270833333333334 0.023148148148148147
7 0.10546875 0.04212962962962963 0.015104166666666667 0.025
8 0.23880208333333333 0.5569444444444445 0.019270833333333334 0.023148148148148147
3 0.96015625 0.4597222222222222 0.015104166666666667 0.023148148148148147
1 0.6697916666666667 0.5356481481481481 0.16875 0.058333333333333334
6 0.8716145833333333 0.4212962962962963 0.03177083333333333 0.16296296296296298
6 0.9932291666666667 0.4273148148148148 0.013541666666666667 0.20833333333333334