1 0.2890625 0.5611111111111111 0.07083333333333333 0.07222222222222222
3 0.96015625 0.4597222222222222 0.015104166666666667 0.023148148148148147
1 0.9859375 0.6138888888888889 0.021875 0.06481481481481481
0 0.9606770833333333 0.5074074074074074 0.015104166666666667 0.018518518518518517
8 0.17942708333333332 0.5412037037037037 0.019270833333333334 0.023148148148148147
7 0.10520833333333333 0.04351851851851852 0.014583333333333334 0.024074074074074074
7 0.5145833333333333 0.29953703703703705 0.016666666666666666 0.025
7 0.48020833333333335 0.30648148148148147 0.016666666666666666 0.022222222222222223
2 0.8953125 0.028703703703703703 0.016666666666666666 0.027777777777777776
6 0.6661458333333333 0.36018518518518516 0.035416666666666666 0.25
5 0.7544270833333333 0.500462962962963 0.018229166666666668 0.023148148148148147
4 0.96015625 0.5569444444444445 0.013020833333333334 0.025
7 0.07864583333333333 0.5944444444444444 0.014583333333333334 0.024074074074074074