8 0.7440104166666667 0.4981481481481482 0.0171875 0.022222222222222223
8 0.71796875 0.4981481481481482 0.0171875 0.022222222222222223
8 0.34401041666666665 0.5277777777777778 0.0171875 0.022222222222222223
8 0.6184895833333334 0.4986111111111111 0.016145833333333335 0.021296296296296296
8 0.6520833333333333 0.49953703703703706 0.015625 0.019444444444444445
7 0.10494791666666667 0.04259259259259259 0.013020833333333334 0.022222222222222223
7 0.053385416666666664 0.5967592592592592 0.015104166666666667 0.025
1 0.6895833333333333 0.5305555555555556 0.30104166666666665 0.04814814814814815
0 0.026041666666666668 0.4074074074074074 0.015625 0.020370370370370372
5 0.2625 0.524074074074074 0.016666666666666666 0.025925925925925925
4 0.26979166666666665 0.18518518518518517 0.013541666666666667 0.025925925925925925
5 0.28229166666666666 0.5222222222222223 0.016666666666666666 0.025925925925925925
5 0.1765625 0.5388888888888889 0.016666666666666666 0.025925925925925925
3 0.025520833333333333 0.3587962962962963 0.017708333333333333 0.026851851851851852
2 0.8947916666666667 0.02962962962962963 0.013541666666666667 0.025925925925925925
1 0.9859375 0.5550925925925926 0.025 0.041666666666666664
4 0.9606770833333333 0.5574074074074075 0.013020833333333334 0.025925925925925925
5 0.37734375 0.46296296296296297 0.0171875 0.025925925925925925
0 0.9609375 0.5069444444444444 0.014583333333333334 0.019444444444444445
3 0.96015625 0.4597222222222222 0.015104166666666667 0.023148148148148147