3 0.025520833333333333 0.3592592592592593 0.017708333333333333 0.027777777777777776
0 0.24088541666666666 0.18518518518518517 0.015104166666666667 0.018518518518518517
4 0.9604166666666667 0.5560185185185185 0.013541666666666667 0.025
8 0.38255208333333335 0.5287037037037037 0.0171875 0.022222222222222223
8 0.6247395833333333 0.5009259259259259 0.018229166666666668 0.022222222222222223
5 0.4049479166666667 0.5120370370370371 0.013020833333333334 0.018518518518518517
0 0.026041666666666668 0.4074074074074074 0.015625 0.020370370370370372
0 0.9604166666666667 0.5069444444444444 0.014583333333333334 0.019444444444444445
3 0.21588541666666666 0.1865740740740741 0.015104166666666667 0.023148148148148147
8 0.134375 0.18564814814814815 0.01875 0.021296296296296296
3 0.96015625 0.4597222222222222 0.015104166666666667 0.023148148148148147
8 0.1875 0.1875 0.01875 0.021296296296296296
4 0.26979166666666665 0.18518518518518517 0.013541666666666667 0.025925925925925925