1 0.24192708333333332 0.5060185185185185 0.1203125 0.049074074074074076
5 0.14609375 0.43703703703703706 0.016145833333333335 0.022222222222222223
5 0.8528645833333334 0.5106481481481482 0.0140625 0.023148148148148147
1 0.09244791666666667 0.5273148148148148 0.044270833333333336 0.025
5 0.74609375 0.4217592592592593 0.016145833333333335 0.023148148148148147
2 0.8942708333333333 0.03009259259259259 0.013541666666666667 0.026851851851851852
3 0.9596354166666666 0.4597222222222222 0.016145833333333335 0.025
0 0.9604166666666667 0.5060185185185185 0.015625 0.019444444444444445
5 0.6700520833333333 0.5060185185185185 0.0171875 0.025
1 0.010416666666666666 0.3888888888888889 0.01875 0.05555555555555555
5 0.3177083333333333 0.49398148148148147 0.016666666666666666 0.023148148148148147
5 0.9955729166666667 0.5569444444444445 0.008854166666666666 0.023148148148148147