0 0.0265625 0.8560185185185185 0.015625 0.019444444444444445
7 0.054947916666666666 0.5967592592592592 0.0140625 0.023148148148148147
3 0.02578125 0.8060185185185185 0.0140625 0.023148148148148147
1 0.008333333333333333 0.5180555555555556 0.015625 0.04351851851851852
2 0.8341145833333333 0.03981481481481482 0.011979166666666667 0.020370370370370372
1 0.8484375 0.5 0.08645833333333333 0.053703703703703705
6 0.25052083333333336 0.40925925925925927 0.036458333333333336 0.1537037037037037
6 0.7408854166666666 0.3800925925925926 0.03697916666666667 0.27685185185185185
1 0.3033854166666667 0.5157407407407407 0.0359375 0.03888888888888889
7 0.10494791666666667 0.043055555555555555 0.0140625 0.023148148148148147
5 0.4734375 0.5111111111111111 0.015625 0.022222222222222223