3 0.21588541666666666 0.1865740740740741 0.015104166666666667 0.023148148148148147
8 0.19505208333333332 0.5425925925925926 0.0171875 0.022222222222222223
1 0.5140625 0.5439814814814815 0.2989583333333333 0.04722222222222222
8 0.33645833333333336 0.5282407407407408 0.016666666666666666 0.021296296296296296
5 0.5760416666666667 0.45740740740740743 0.016666666666666666 0.025925925925925925
3 0.02578125 0.3592592592592593 0.0171875 0.025925925925925925
4 0.26979166666666665 0.18518518518518517 0.013541666666666667 0.025925925925925925
0 0.24088541666666666 0.18518518518518517 0.015104166666666667 0.018518518518518517
4 0.9604166666666667 0.5564814814814815 0.0125 0.024074074074074074
7 0.0546875 0.5962962962962963 0.015625 0.024074074074074074
4 0.0265625 0.4587962962962963 0.013541666666666667 0.025
0 0.9609375 0.5074074074074074 0.014583333333333334 0.018518518518518517
0 0.026041666666666668 0.40694444444444444 0.015625 0.019444444444444445
2 0.8802083333333334 0.030555555555555555 0.013541666666666667 0.025925925925925925
8 0.9916666666666667 0.5583333333333333 0.016666666666666666 0.022222222222222223
8 0.8627604166666667 0.5703703703703704 0.0171875 0.022222222222222223