2 0.85390625 0.02962962962962963 0.015104166666666667 0.025925925925925925
0 0.96015625 0.5069444444444444 0.015104166666666667 0.019444444444444445
0 0.026302083333333334 0.4074074074074074 0.016145833333333335 0.020370370370370372
7 0.05364583333333333 0.5949074074074074 0.017708333333333333 0.026851851851851852
3 0.96015625 0.4601851851851852 0.015104166666666667 0.024074074074074074
3 0.025520833333333333 0.3587962962962963 0.017708333333333333 0.026851851851851852
8 0.81484375 0.5601851851851852 0.0171875 0.022222222222222223
2 0.8942708333333333 0.028703703703703703 0.0125 0.024074074074074074
4 0.026041666666666668 0.4587962962962963 0.013541666666666667 0.025
8 0.60546875 0.5592592592592592 0.0171875 0.022222222222222223
8 0.11380208333333333 0.5291666666666667 0.0171875 0.019444444444444445
8 0.14010416666666667 0.5296296296296297 0.020833333333333332 0.016666666666666666
8 0.8557291666666667 0.5564814814814815 0.016666666666666666 0.022222222222222223
7 0.10546875 0.043055555555555555 0.015104166666666667 0.025
4 0.9609375 0.5569444444444445 0.0125 0.025
8 0.0078125 0.5435185185185185 0.015625 0.022222222222222223