0 0.9604166666666667 0.5074074074074074 0.014583333333333334 0.018518518518518517
7 0.054427083333333334 0.5953703703703703 0.015104166666666667 0.025925925925925925
3 0.025520833333333333 0.3587962962962963 0.016666666666666666 0.025
0 0.026302083333333334 0.40694444444444444 0.015104166666666667 0.019444444444444445
2 0.89453125 0.02962962962962963 0.013020833333333334 0.024074074074074074
3 0.9598958333333333 0.45925925925925926 0.015625 0.024074074074074074
3 0.21588541666666666 0.1865740740740741 0.015104166666666667 0.023148148148148147
0 0.24088541666666666 0.18518518518518517 0.015104166666666667 0.018518518518518517
4 0.26979166666666665 0.18518518518518517 0.013541666666666667 0.025925925925925925
5 0.265625 0.5277777777777778 0.016666666666666666 0.025925925925925925
8 0.17838541666666666 0.5425925925925926 0.0171875 0.022222222222222223
8 0.16145833333333334 0.1875 0.01875 0.021296296296296296
8 0.6036458333333333 0.513425925925926 0.015625 0.021296296296296296
8 0.25286458333333334 0.5412037037037037 0.0171875 0.019444444444444445
4 0.9604166666666667 0.5574074074074075 0.013541666666666667 0.024074074074074074
4 0.026302083333333334 0.4587962962962963 0.013020833333333334 0.025
5 0.21276041666666667 0.48703703703703705 0.0140625 0.024074074074074074