2 0.853125 0.029166666666666667 0.013541666666666667 0.026851851851851852
8 0.02578125 0.6078703703703704 0.015104166666666667 0.021296296296296296
1 0.31744791666666666 0.5222222222222223 0.030729166666666665 0.044444444444444446
1 0.05755208333333333 0.5546296296296296 0.0390625 0.024074074074074074
6 0.6419270833333334 0.4625 0.025520833333333333 0.16018518518518518
7 0.1328125 0.03981481481481482 0.016666666666666666 0.027777777777777776
4 0.9604166666666667 0.5569444444444445 0.013541666666666667 0.025
1 0.4354166666666667 0.5370370370370371 0.20052083333333334 0.04351851851851852
0 0.9609375 0.5078703703703704 0.014583333333333334 0.019444444444444445
1 0.8265625 0.5699074074074074 0.14270833333333333 0.049074074074074076
3 0.9606770833333333 0.4615740740740741 0.015104166666666667 0.023148148148148147
8 0.23671875 0.36527777777777776 0.019270833333333334 0.023148148148148147