0 0.9606770833333333 0.5074074074074074 0.015104166666666667 0.020370370370370372
7 0.1328125 0.040740740740740744 0.016666666666666666 0.027777777777777776
2 0.8658854166666666 0.02962962962962963 0.0140625 0.027777777777777776
2 0.8385416666666666 0.027314814814814816 0.015625 0.026851851851851852
7 0.054427083333333334 0.5958333333333333 0.0140625 0.023148148148148147
4 0.96015625 0.5569444444444445 0.013020833333333334 0.026851851851851852
3 0.026302083333333334 0.3611111111111111 0.016145833333333335 0.025925925925925925
3 0.9598958333333333 0.4597222222222222 0.015625 0.025
8 0.49244791666666665 0.5097222222222222 0.019270833333333334 0.023148148148148147
0 0.027083333333333334 0.40925925925925927 0.014583333333333334 0.018518518518518517
1 0.34791666666666665 0.549074074074074 0.18958333333333333 0.03888888888888889