8 0.07005208333333333 0.575925925925926 0.0171875 0.022222222222222223
8 0.8877604166666667 0.5879629629629629 0.0171875 0.022222222222222223
3 0.9596354166666666 0.4597222222222222 0.015104166666666667 0.023148148148148147
4 0.96015625 0.5555555555555556 0.013020833333333334 0.025925925925925925
8 0.4783854166666667 0.6018518518518519 0.0171875 0.022222222222222223
7 0.10572916666666667 0.04259259259259259 0.015625 0.025925925925925925
0 0.9604166666666667 0.5069444444444444 0.014583333333333334 0.019444444444444445
4 0.26979166666666665 0.18518518518518517 0.013541666666666667 0.025925925925925925
0 0.24088541666666666 0.18518518518518517 0.015104166666666667 0.018518518518518517
3 0.21536458333333333 0.1875 0.015104166666666667 0.023148148148148147
2 0.8541666666666666 0.03009259259259259 0.014583333333333334 0.026851851851851852
5 0.18697916666666667 0.5370370370370371 0.016666666666666666 0.025925925925925925
8 0.7283854166666667 0.6027777777777777 0.0171875 0.022222222222222223
5 0.4 0.49166666666666664 0.016666666666666666 0.025925925925925925
4 0.26979166666666665 0.18518518518518517 0.013541666666666667 0.025925925925925925
8 0.25442708333333336 0.5592592592592592 0.0171875 0.022222222222222223