8 0.16953125 0.524074074074074 0.0171875 0.022222222222222223
3 0.9598958333333333 0.4597222222222222 0.014583333333333334 0.023148148148148147
4 0.9609375 0.5564814814814815 0.0125 0.025925925925925925
2 0.8395833333333333 0.027777777777777776 0.014583333333333334 0.025925925925925925
8 0.7283854166666667 0.5731481481481482 0.0171875 0.022222222222222223
8 0.6356770833333333 0.5555555555555556 0.0171875 0.022222222222222223
3 0.21536458333333333 0.1875 0.015104166666666667 0.023148148148148147
8 0.13333333333333333 0.1865740740740741 0.01875 0.021296296296296296
8 0.159375 0.1865740740740741 0.01875 0.021296296296296296
4 0.026041666666666668 0.3592592592592593 0.013541666666666667 0.025925925925925925
0 0.9609375 0.5069444444444444 0.014583333333333334 0.019444444444444445
0 0.24088541666666666 0.18518518518518517 0.015104166666666667 0.018518518518518517
7 0.10572916666666667 0.043055555555555555 0.015625 0.025
4 0.26979166666666665 0.18518518518518517 0.013541666666666667 0.025925925925925925
8 0.14401041666666667 0.5277777777777778 0.0171875 0.022222222222222223