0 0.9606770833333333 0.5069444444444444 0.015104166666666667 0.019444444444444445
8 0.4596354166666667 0.5111111111111111 0.0171875 0.022222222222222223
8 0.08463541666666667 0.5407407407407407 0.0171875 0.022222222222222223
3 0.21536458333333333 0.1875 0.015104166666666667 0.023148148148148147
8 0.30182291666666666 0.5152777777777777 0.019270833333333334 0.021296296296296296
8 0.8348958333333333 0.5587962962962963 0.019791666666666666 0.021296296296296296
0 0.24088541666666666 0.18518518518518517 0.015104166666666667 0.018518518518518517
4 0.26979166666666665 0.18518518518518517 0.013541666666666667 0.025925925925925925
5 0.059895833333333336 0.49444444444444446 0.016666666666666666 0.025925925925925925
5 0.17239583333333333 0.5064814814814815 0.016666666666666666 0.025925925925925925
3 0.9598958333333333 0.4597222222222222 0.014583333333333334 0.023148148148148147
8 0.10963541666666667 0.5398148148148149 0.0171875 0.022222222222222223
5 0.25 0.5092592592592593 0.016666666666666666 0.025925925925925925
4 0.026041666666666668 0.3592592592592593 0.013541666666666667 0.025925925925925925
2 0.8395833333333333 0.027777777777777776 0.014583333333333334 0.025925925925925925
4 0.9596354166666666 0.5583333333333333 0.011979166666666667 0.027777777777777776
8 0.13333333333333333 0.18935185185185185 0.01875 0.021296296296296296
8 0.6252604166666667 0.5583333333333333 0.0171875 0.022222222222222223