5 0.28489583333333335 0.5222222222222223 0.016666666666666666 0.025925925925925925
8 0.13489583333333333 0.1865740740740741 0.01875 0.021296296296296296
8 0.8361979166666667 0.49537037037037035 0.0171875 0.022222222222222223
5 0.11197916666666667 0.5796296296296296 0.016666666666666666 0.025925925925925925
3 0.9598958333333333 0.4597222222222222 0.014583333333333334 0.023148148148148147
8 0.5533854166666666 0.512962962962963 0.0171875 0.022222222222222223
0 0.9606770833333333 0.5069444444444444 0.015104166666666667 0.019444444444444445
7 0.10572916666666667 0.04259259259259259 0.015625 0.025925925925925925
2 0.8541666666666666 0.030555555555555555 0.014583333333333334 0.025925925925925925
4 0.9604166666666667 0.5550925925925926 0.013541666666666667 0.025
8 0.69375 0.4986111111111111 0.016666666666666666 0.021296296296296296
1 0.7359375 0.5296296296296297 0.3072916666666667 0.04814814814814815
8 0.4700520833333333 0.5138888888888888 0.018229166666666668 0.020370370370370372
4 0.0265625 0.3592592592592593 0.013541666666666667 0.025925925925925925