2 0.8802083333333334 0.03009259259259259 0.013541666666666667 0.026851851851851852
8 0.16197916666666667 0.1865740740740741 0.01875 0.021296296296296296
4 0.26875 0.19027777777777777 0.0125 0.025
0 0.24270833333333333 0.1875 0.014583333333333334 0.019444444444444445
8 0.30078125 0.5453703703703704 0.0171875 0.020370370370370372
8 0.6739583333333333 0.5143518518518518 0.015625 0.021296296296296296
8 0.5731770833333333 0.5148148148148148 0.016145833333333335 0.024074074074074074
3 0.96015625 0.4601851851851852 0.015104166666666667 0.024074074074074074
4 0.9604166666666667 0.5569444444444445 0.0125 0.025
8 0.465625 0.5291666666666667 0.017708333333333333 0.025
0 0.9609375 0.5069444444444444 0.014583333333333334 0.019444444444444445