3 0.9598958333333333 0.4597222222222222 0.015625 0.025
2 0.8533854166666667 0.03148148148148148 0.0140625 0.027777777777777776
6 0.8208333333333333 0.32407407407407407 0.030208333333333334 0.26666666666666666
1 0.26145833333333335 0.5467592592592593 0.203125 0.049074074074074076
2 0.8658854166666666 0.03148148148148148 0.0140625 0.027777777777777776
6 0.8674479166666667 0.4074074074074074 0.0265625 0.13518518518518519
5 0.8158854166666667 0.4689814814814815 0.0171875 0.021296296296296296
4 0.9598958333333333 0.5574074074074075 0.013541666666666667 0.025925925925925925
0 0.9606770833333333 0.5078703703703704 0.015104166666666667 0.019444444444444445
8 0.02578125 0.5569444444444445 0.018229166666666668 0.023148148148148147
7 0.10572916666666667 0.04398148148148148 0.017708333333333333 0.025