1 0.18463541666666666 0.5583333333333333 0.0921875 0.05
1 0.8731770833333333 0.49166666666666664 0.04010416666666667 0.044444444444444446
3 0.025260416666666667 0.3592592592592593 0.015104166666666667 0.022222222222222223
6 0.99140625 0.33194444444444443 0.0171875 0.25462962962962965
8 0.5111979166666667 0.5120370370370371 0.015104166666666667 0.020370370370370372
3 0.45338541666666665 0.36527777777777776 0.015104166666666667 0.025
4 0.9598958333333333 0.5574074074074075 0.013541666666666667 0.027777777777777776
3 0.9606770833333333 0.45925925925925926 0.016145833333333335 0.025925925925925925
4 0.5018229166666667 0.36527777777777776 0.011979166666666667 0.025
7 0.10546875 0.04212962962962963 0.015104166666666667 0.025
4 0.026041666666666668 0.4587962962962963 0.014583333333333334 0.025
0 0.026041666666666668 0.40879629629629627 0.015625 0.019444444444444445
0 0.4778645833333333 0.3648148148148148 0.015104166666666667 0.018518518518518517
0 0.9609375 0.5069444444444444 0.015625 0.019444444444444445
2 0.88046875 0.03148148148148148 0.0140625 0.027777777777777776