4 0.9598958333333333 0.5574074074074075 0.013541666666666667 0.027777777777777776
4 0.5018229166666667 0.3648148148148148 0.011979166666666667 0.024074074074074074
4 0.026041666666666668 0.4587962962962963 0.014583333333333334 0.026851851851851852
3 0.9606770833333333 0.45925925925925926 0.016145833333333335 0.025925925925925925
3 0.45364583333333336 0.36574074074074076 0.015625 0.025925925925925925
2 0.88046875 0.03148148148148148 0.0140625 0.027777777777777776
8 0.5127604166666667 0.5101851851851852 0.016145833333333335 0.020370370370370372
7 0.05286458333333333 0.5967592592592592 0.015104166666666667 0.025
0 0.026041666666666668 0.40879629629629627 0.015625 0.019444444444444445
0 0.9609375 0.5074074074074074 0.015625 0.020370370370370372
1 0.8255208333333334 0.5023148148148148 0.053125 0.04537037037037037
0 0.4778645833333333 0.3648148148148148 0.015104166666666667 0.018518518518518517