5 0.14739583333333334 0.35648148148148145 0.017708333333333333 0.03518518518518519
5 0.2677083333333333 0.4023148148148148 0.010416666666666666 0.019444444444444445
5 0.24192708333333332 0.4310185185185185 0.022395833333333334 0.026851851851851852
8 0.02734375 0.45231481481481484 0.019270833333333334 0.023148148148148147
5 0.17578125 0.44675925925925924 0.022395833333333334 0.026851851851851852
5 0.17994791666666668 0.4217592592592593 0.0203125 0.028703703703703703
5 0.19166666666666668 0.37083333333333335 0.017708333333333333 0.028703703703703703
1 0.37864583333333335 0.5458333333333333 0.06458333333333334 0.03425925925925926
1 0.71640625 0.5 0.12604166666666666 0.046296296296296294
1 0.9239583333333333 0.5027777777777778 0.053125 0.040740740740740744
6 0.7229166666666667 0.39861111111111114 0.03229166666666667 0.15092592592592594
2 0.9088541666666666 0.030555555555555555 0.014583333333333334 0.027777777777777776
2 0.9221354166666667 0.030555555555555555 0.0140625 0.027777777777777776