6 0.53046875 0.4101851851851852 0.030729166666666665 0.2222222222222222
1 0.7598958333333333 0.6050925925925926 0.03333333333333333 0.03611111111111111
5 0.36223958333333334 0.5824074074074074 0.0171875 0.025925925925925925
1 0.7223958333333333 0.5745370370370371 0.034375 0.03981481481481482
2 0.90859375 0.031018518518518518 0.015104166666666667 0.028703703703703703
5 0.259375 0.5768518518518518 0.022916666666666665 0.03518518518518519
5 0.34609375 0.5810185185185185 0.015104166666666667 0.023148148148148147
5 0.3307291666666667 0.5412037037037037 0.020833333333333332 0.026851851851851852
5 0.25104166666666666 0.5342592592592592 0.017708333333333333 0.025925925925925925
5 0.27760416666666665 0.5671296296296297 0.014583333333333334 0.023148148148148147
1 0.6942708333333333 0.5634259259259259 0.023958333333333335 0.030555555555555555