3 0.9604166666666667 0.4597222222222222 0.015625 0.025
0 0.9606770833333333 0.5078703703703704 0.015104166666666667 0.019444444444444445
4 0.96015625 0.5574074074074075 0.013020833333333334 0.025925925925925925
8 0.026302083333333334 0.5560185185185185 0.0171875 0.023148148148148147
7 0.10572916666666667 0.04351851851851852 0.014583333333333334 0.024074074074074074
1 0.4283854166666667 0.5148148148148148 0.04635416666666667 0.03148148148148148
7 0.75625 0.4962962962962963 0.014583333333333334 0.024074074074074074
7 0.5778645833333333 0.5097222222222222 0.014583333333333334 0.024074074074074074
7 0.5729166666666666 0.46296296296296297 0.014583333333333334 0.024074074074074074
1 0.28177083333333336 0.5226851851851851 0.08020833333333334 0.05648148148148148
1 0.721875 0.5282407407407408 0.14375 0.044444444444444446
1 0.14244791666666667 0.5569444444444445 0.1921875 0.053703703703703705