4 0.26796875 0.18888888888888888 0.013541666666666667 0.025925925925925925
0 0.24166666666666667 0.1865740740740741 0.015104166666666667 0.022222222222222223
3 0.21666666666666667 0.1865740740740741 0.015104166666666667 0.023148148148148147
8 0.0625 0.4791666666666667 0.01875 0.021296296296296296
8 0.6794270833333333 0.5138888888888888 0.01875 0.021296296296296296
5 0.18671875 0.38287037037037036 0.019270833333333334 0.026851851851851852
5 0.16354166666666667 0.45046296296296295 0.016145833333333335 0.019444444444444445
1 0.8497395833333333 0.5310185185185186 0.08802083333333334 0.05185185185185185
0 0.9611979166666667 0.5069444444444444 0.015104166666666667 0.019444444444444445
7 0.10546875 0.04259259259259259 0.015104166666666667 0.024074074074074074
8 0.47213541666666664 0.5138888888888888 0.019270833333333334 0.022222222222222223
8 0.7125 0.5138888888888888 0.016666666666666666 0.020370370370370372
8 0.23776041666666667 0.4699074074074074 0.0171875 0.021296296296296296
2 0.8666666666666667 0.030555555555555555 0.014583333333333334 0.025925925925925925
3 0.9596354166666666 0.4597222222222222 0.015104166666666667 0.023148148148148147
4 0.9609375 0.5574074074074075 0.013541666666666667 0.025925925925925925
8 0.6450520833333333 0.5236111111111111 0.01875 0.021296296296296296
8 0.26953125 0.13703703703703704 0.01875 0.021296296296296296