0 0.9611979166666667 0.5078703703703704 0.015104166666666667 0.019444444444444445
2 0.8528645833333334 0.030555555555555555 0.013020833333333334 0.025925925925925925
3 0.21588541666666666 0.1865740740740741 0.015104166666666667 0.023148148148148147
0 0.24088541666666666 0.18703703703703703 0.015104166666666667 0.022222222222222223
5 0.16328125 0.6347222222222222 0.016666666666666666 0.023148148148148147
5 0.28411458333333334 0.5666666666666667 0.016666666666666666 0.021296296296296296
5 0.3263020833333333 0.5074074074074074 0.016666666666666666 0.025925925925925925
6 0.06666666666666667 0.5578703703703703 0.034375 0.15092592592592594
8 0.8013020833333333 0.47962962962962963 0.023958333333333335 0.018518518518518517
8 0.13333333333333333 0.1865740740740741 0.01875 0.021296296296296296
8 0.16041666666666668 0.18518518518518517 0.01875 0.021296296296296296
4 0.96015625 0.5569444444444445 0.013020833333333334 0.025
8 0.6341145833333334 0.4962962962962963 0.023958333333333335 0.018518518518518517
8 0.875 0.4791666666666667 0.023958333333333335 0.018518518518518517
3 0.9598958333333333 0.45925925925925926 0.014583333333333334 0.024074074074074074
7 0.10572916666666667 0.04259259259259259 0.015625 0.025925925925925925