7 0.10572916666666667 0.043055555555555555 0.015625 0.025
8 0.4861979166666667 0.5115740740740741 0.016145833333333335 0.021296296296296296
8 0.1125 0.5430555555555555 0.0171875 0.022222222222222223
8 0.21953125 0.5282407407407408 0.0171875 0.022222222222222223
1 0.8143229166666667 0.6018518518518519 0.05572916666666667 0.04722222222222222
8 0.71328125 0.5532407407407407 0.0171875 0.022222222222222223
8 0.7549479166666667 0.5407407407407407 0.0171875 0.022222222222222223
8 0.8283854166666667 0.5717592592592593 0.0171875 0.022222222222222223
8 0.1875 0.1875 0.01875 0.021296296296296296
5 0.16380208333333332 0.5236111111111111 0.016666666666666666 0.025925925925925925
5 0.04375 0.5393518518518519 0.016666666666666666 0.025925925925925925
3 0.21588541666666666 0.1865740740740741 0.015104166666666667 0.023148148148148147
0 0.24088541666666666 0.18518518518518517 0.015104166666666667 0.018518518518518517
3 0.9598958333333333 0.4597222222222222 0.014583333333333334 0.023148148148148147
2 0.8395833333333333 0.027777777777777776 0.014583333333333334 0.025925925925925925
4 0.9604166666666667 0.5569444444444445 0.0125 0.025
0 0.9609375 0.5078703703703704 0.014583333333333334 0.019444444444444445