5 0.08671875 0.4791666666666667 0.016666666666666666 0.025925925925925925
4 0.26953125 0.18518518518518517 0.013541666666666667 0.025925925925925925
0 0.24088541666666666 0.18518518518518517 0.015104166666666667 0.018518518518518517
3 0.21588541666666666 0.1865740740740741 0.015104166666666667 0.023148148148148147
8 0.7971354166666667 0.5097222222222222 0.0171875 0.022222222222222223
8 0.37916666666666665 0.46805555555555556 0.0171875 0.022222222222222223
8 0.09869791666666666 0.48148148148148145 0.0171875 0.022222222222222223
5 0.24140625 0.43287037037037035 0.019270833333333334 0.03148148148148148
4 0.9609375 0.5564814814814815 0.013541666666666667 0.025925925925925925
0 0.9611979166666667 0.5069444444444444 0.015104166666666667 0.019444444444444445
3 0.9598958333333333 0.4597222222222222 0.014583333333333334 0.023148148148148147
8 0.14583333333333334 0.4703703703703704 0.017708333333333333 0.024074074074074074
7 0.10546875 0.043055555555555555 0.015104166666666667 0.025
5 0.26171875 0.4652777777777778 0.016666666666666666 0.025925925925925925