5 0.09635416666666667 0.4828703703703704 0.0125 0.025
4 0.96015625 0.5574074074074075 0.013020833333333334 0.025925925925925925
4 0.027604166666666666 0.6055555555555555 0.015625 0.022222222222222223
5 0.2734375 0.4976851851851852 0.013541666666666667 0.021296296296296296
7 0.60625 0.5101851851851852 0.016666666666666666 0.027777777777777776
0 0.0265625 0.5560185185185185 0.014583333333333334 0.025
6 0.7677083333333333 0.2833333333333333 0.042708333333333334 0.4722222222222222
4 0.02421875 0.23703703703703705 0.013020833333333334 0.025925925925925925
3 0.026302083333333334 0.5101851851851852 0.016145833333333335 0.025925925925925925
3 0.96015625 0.45925925925925926 0.016145833333333335 0.025925925925925925
6 0.8544270833333333 0.42824074074074076 0.025520833333333333 0.18611111111111112
1 0.6359375 0.5430555555555555 0.21145833333333333 0.04351851851851852
0 0.9604166666666667 0.5078703703703704 0.015625 0.019444444444444445