8 0.6372395833333333 0.5143518518518518 0.016145833333333335 0.019444444444444445
8 0.83828125 0.5569444444444445 0.0171875 0.022222222222222223
8 0.26953125 0.13935185185185187 0.01875 0.021296296296296296
7 0.10546875 0.04212962962962963 0.015104166666666667 0.025
8 0.37083333333333335 0.5296296296296297 0.0171875 0.022222222222222223
8 0.6875 0.5111111111111111 0.0171875 0.022222222222222223
5 0.3770833333333333 0.5087962962962963 0.016666666666666666 0.025925925925925925
5 0.23463541666666668 0.5236111111111111 0.016666666666666666 0.025925925925925925
5 0.15833333333333333 0.5347222222222222 0.016666666666666666 0.025925925925925925
4 0.26953125 0.18518518518518517 0.013541666666666667 0.025925925925925925
0 0.24088541666666666 0.18518518518518517 0.015104166666666667 0.018518518518518517
3 0.21588541666666666 0.1865740740740741 0.015104166666666667 0.023148148148148147
3 0.9598958333333333 0.4597222222222222 0.014583333333333334 0.023148148148148147
5 0.16432291666666668 0.44722222222222224 0.015104166666666667 0.025925925925925925
2 0.8395833333333333 0.027777777777777776 0.014583333333333334 0.025925925925925925
4 0.9604166666666667 0.5560185185185185 0.013541666666666667 0.026851851851851852
0 0.9606770833333333 0.5069444444444444 0.015104166666666667 0.019444444444444445
8 0.47942708333333334 0.5125 0.0171875 0.021296296296296296
1 0.08307291666666666 0.575462962962963 0.06302083333333333 0.03425925925925926