8 0.16119791666666666 0.1875 0.01875 0.021296296296296296
8 0.23619791666666667 0.5421296296296296 0.0171875 0.022222222222222223
8 0.26171875 0.5421296296296296 0.0171875 0.022222222222222223
8 0.32005208333333335 0.5273148148148148 0.0171875 0.022222222222222223
8 0.68671875 0.513425925925926 0.0171875 0.022222222222222223
8 0.7533854166666667 0.5541666666666667 0.0171875 0.022222222222222223
8 0.83828125 0.5541666666666667 0.0171875 0.022222222222222223
8 0.26953125 0.13935185185185187 0.01875 0.021296296296296296
8 0.13333333333333333 0.1865740740740741 0.01875 0.021296296296296296
2 0.8395833333333333 0.027777777777777776 0.014583333333333334 0.025925925925925925
4 0.9606770833333333 0.5574074074074075 0.013020833333333334 0.025925925925925925
4 0.026041666666666668 0.4587962962962963 0.013541666666666667 0.025
3 0.9598958333333333 0.4597222222222222 0.014583333333333334 0.023148148148148147
3 0.02578125 0.3592592592592593 0.0171875 0.025925925925925925
5 0.30416666666666664 0.5319444444444444 0.016666666666666666 0.025925925925925925
5 0.2716145833333333 0.524537037037037 0.016666666666666666 0.025925925925925925
4 0.26953125 0.18518518518518517 0.013541666666666667 0.025925925925925925
0 0.24088541666666666 0.18518518518518517 0.015104166666666667 0.018518518518518517
3 0.21588541666666666 0.1865740740740741 0.015104166666666667 0.023148148148148147
7 0.05416666666666667 0.5976851851851852 0.015104166666666667 0.025
5 0.44166666666666665 0.5097222222222222 0.016666666666666666 0.025925925925925925
5 0.38203125 0.5050925925925925 0.016666666666666666 0.025925925925925925
8 0.5875 0.5138888888888888 0.016666666666666666 0.022222222222222223
1 0.5833333333333334 0.5388888888888889 0.30885416666666665 0.03796296296296296
0 0.026041666666666668 0.40694444444444444 0.015625 0.019444444444444445
0 0.9606770833333333 0.5069444444444444 0.015104166666666667 0.019444444444444445
2 0.8802083333333334 0.03009259259259259 0.013541666666666667 0.026851851851851852