7 0.5614583333333333 0.5092592592592593 0.016666666666666666 0.027777777777777776
5 0.27786458333333336 0.4962962962962963 0.013020833333333334 0.025925925925925925
5 0.71484375 0.524537037037037 0.013020833333333334 0.017592592592592594
0 0.05 0.23472222222222222 0.015625 0.019444444444444445
6 0.07213541666666666 0.4050925925925926 0.034895833333333334 0.15833333333333333
6 0.55703125 0.2810185185185185 0.0390625 0.42685185185185187
0 0.9609375 0.5064814814814815 0.015625 0.020370370370370372
4 0.023697916666666666 0.23703703703703705 0.013020833333333334 0.025925925925925925
3 0.9609375 0.4597222222222222 0.016666666666666666 0.026851851851851852
5 0.4315104166666667 0.4962962962962963 0.013020833333333334 0.025925925925925925
4 0.9604166666666667 0.5569444444444445 0.013541666666666667 0.026851851851851852