8 0.13255208333333332 0.1865740740740741 0.01875 0.021296296296296296
8 0.26953125 0.13935185185185187 0.01875 0.021296296296296296
8 0.76953125 0.5569444444444445 0.0171875 0.022222222222222223
8 0.22005208333333334 0.5421296296296296 0.0171875 0.022222222222222223
8 0.27708333333333335 0.5282407407407408 0.0171875 0.022222222222222223
5 0.3611979166666667 0.5162037037037037 0.016666666666666666 0.025925925925925925
5 0.3958333333333333 0.4949074074074074 0.016666666666666666 0.025925925925925925
5 0.28828125 0.5060185185185185 0.016666666666666666 0.025925925925925925
4 0.26953125 0.18518518518518517 0.013541666666666667 0.025925925925925925
0 0.24088541666666666 0.18518518518518517 0.015104166666666667 0.018518518518518517
3 0.21588541666666666 0.1865740740740741 0.015104166666666667 0.023148148148148147
3 0.02578125 0.3592592592592593 0.0171875 0.025925925925925925
3 0.9596354166666666 0.4597222222222222 0.015104166666666667 0.023148148148148147
4 0.9604166666666667 0.5574074074074075 0.0125 0.024074074074074074
4 0.026302083333333334 0.45925925925925926 0.013020833333333334 0.025925925925925925
2 0.8395833333333333 0.027777777777777776 0.014583333333333334 0.025925925925925925
2 0.8802083333333334 0.030555555555555555 0.013541666666666667 0.025925925925925925
7 0.0546875 0.5962962962962963 0.015625 0.024074074074074074
7 0.10572916666666667 0.043055555555555555 0.014583333333333334 0.023148148148148147
8 0.33697916666666666 0.5282407407407408 0.016666666666666666 0.021296296296296296
0 0.9606770833333333 0.5069444444444444 0.015104166666666667 0.019444444444444445
0 0.026302083333333334 0.40694444444444444 0.015104166666666667 0.019444444444444445