4 0.9606770833333333 0.5574074074074075 0.013020833333333334 0.025925925925925925
7 0.10546875 0.043055555555555555 0.015104166666666667 0.025
5 0.3953125 0.46111111111111114 0.015625 0.025925925925925925
3 0.9598958333333333 0.45925925925925926 0.014583333333333334 0.024074074074074074
8 0.026302083333333334 0.5078703703703704 0.0171875 0.025
8 0.8463541666666666 0.4847222222222222 0.016666666666666666 0.019444444444444445
0 0.9611979166666667 0.5078703703703704 0.015104166666666667 0.019444444444444445
3 0.21588541666666666 0.1865740740740741 0.015104166666666667 0.023148148148148147
0 0.24088541666666666 0.18518518518518517 0.015104166666666667 0.018518518518518517
4 0.26953125 0.18518518518518517 0.013541666666666667 0.025925925925925925
5 0.2604166666666667 0.5828703703703704 0.016666666666666666 0.025925925925925925
5 0.3299479166666667 0.5717592592592593 0.016666666666666666 0.025925925925925925
2 0.8661458333333333 0.029166666666666667 0.014583333333333334 0.025925925925925925
8 0.78828125 0.4828703703703704 0.0171875 0.022222222222222223
8 0.26953125 0.13935185185185187 0.01875 0.021296296296296296