0 0.9609375 0.5069444444444444 0.014583333333333334 0.019444444444444445
5 0.37734375 0.46296296296296297 0.0171875 0.025925925925925925
4 0.026302083333333334 0.4587962962962963 0.0140625 0.026851851851851852
4 0.9606770833333333 0.5574074074074075 0.013020833333333334 0.025925925925925925
1 0.9859375 0.5550925925925926 0.025 0.041666666666666664
2 0.8947916666666667 0.02962962962962963 0.013541666666666667 0.025925925925925925
8 0.26953125 0.13935185185185187 0.01875 0.021296296296296296
8 0.34375 0.5273148148148148 0.0171875 0.022222222222222223
8 0.6184895833333334 0.4986111111111111 0.016145833333333335 0.021296296296296296
8 0.6520833333333333 0.49953703703703706 0.015625 0.019444444444444445
7 0.053385416666666664 0.5967592592592592 0.015104166666666667 0.025
7 0.10494791666666667 0.04259259259259259 0.013020833333333334 0.022222222222222223
3 0.025520833333333333 0.3587962962962963 0.017708333333333333 0.026851851851851852
3 0.96015625 0.4597222222222222 0.015104166666666667 0.023148148148148147
8 0.74375 0.4976851851851852 0.0171875 0.022222222222222223
8 0.71796875 0.4976851851851852 0.0171875 0.022222222222222223
1 0.6895833333333333 0.5300925925925926 0.30104166666666665 0.04814814814814815
5 0.2625 0.5236111111111111 0.016666666666666666 0.025925925925925925
5 0.17630208333333333 0.538425925925926 0.016666666666666666 0.025925925925925925
5 0.28203125 0.5222222222222223 0.016666666666666666 0.025925925925925925
4 0.26953125 0.18518518518518517 0.013541666666666667 0.025925925925925925
0 0.026041666666666668 0.4074074074074074 0.015625 0.020370370370370372