4 0.26953125 0.18518518518518517 0.013541666666666667 0.025925925925925925
0 0.24088541666666666 0.18518518518518517 0.015104166666666667 0.018518518518518517
3 0.21588541666666666 0.1865740740740741 0.015104166666666667 0.023148148148148147
0 0.9604166666666667 0.5069444444444444 0.014583333333333334 0.019444444444444445
0 0.026041666666666668 0.4074074074074074 0.015625 0.020370370370370372
4 0.9604166666666667 0.5560185185185185 0.013541666666666667 0.025
3 0.025520833333333333 0.3592592592592593 0.017708333333333333 0.027777777777777776
3 0.96015625 0.4597222222222222 0.015104166666666667 0.023148148148148147
8 0.13411458333333334 0.18518518518518517 0.01875 0.021296296296296296
8 0.1875 0.1875 0.01875 0.021296296296296296
8 0.4666666666666667 0.5125 0.0171875 0.022222222222222223
8 0.38255208333333335 0.5282407407407408 0.0171875 0.022222222222222223
8 0.15963541666666667 0.1837962962962963 0.01875 0.021296296296296296
8 0.6247395833333333 0.5009259259259259 0.018229166666666668 0.022222222222222223
5 0.4049479166666667 0.5120370370370371 0.013020833333333334 0.018518518518518517
5 0.44505208333333335 0.5060185185185185 0.016666666666666666 0.025925925925925925
5 0.3263020833333333 0.48148148148148145 0.016666666666666666 0.025925925925925925
5 0.3020833333333333 0.5282407407407408 0.016666666666666666 0.025925925925925925