8 0.30546875 0.46435185185185185 0.0171875 0.022222222222222223
8 0.38046875 0.4666666666666667 0.0171875 0.022222222222222223
4 0.9609375 0.5564814814814815 0.013541666666666667 0.025925925925925925
3 0.9596354166666666 0.4597222222222222 0.015104166666666667 0.023148148148148147
2 0.8395833333333333 0.027777777777777776 0.014583333333333334 0.025925925925925925
8 0.7125 0.5138888888888888 0.016666666666666666 0.020370370370370372
5 0.3802083333333333 0.43472222222222223 0.015625 0.028703703703703703
0 0.9611979166666667 0.5069444444444444 0.015104166666666667 0.019444444444444445
1 0.48802083333333335 0.5444444444444444 0.11822916666666666 0.04722222222222222
5 0.3651041666666667 0.46805555555555556 0.014583333333333334 0.023148148148148147
3 0.21588541666666666 0.1865740740740741 0.015104166666666667 0.023148148148148147
0 0.24088541666666666 0.18518518518518517 0.015104166666666667 0.018518518518518517
4 0.26953125 0.18518518518518517 0.013541666666666667 0.025925925925925925
5 0.14505208333333333 0.44583333333333336 0.016666666666666666 0.025925925925925925
8 0.13333333333333333 0.1875 0.01875 0.021296296296296296
8 0.1875 0.1875 0.01875 0.021296296296296296
8 0.7791666666666667 0.5125 0.0171875 0.022222222222222223
8 0.6471354166666666 0.5259259259259259 0.0171875 0.022222222222222223