6 0.10963541666666667 0.562037037037037 0.03177083333333333 0.14814814814814814
2 0.8947916666666667 0.02962962962962963 0.013541666666666667 0.025925925925925925
5 0.4078125 0.5120370370370371 0.015625 0.018518518518518517
4 0.026302083333333334 0.4583333333333333 0.0140625 0.024074074074074074
5 0.65078125 0.4925925925925926 0.016666666666666666 0.025925925925925925
5 0.13333333333333333 0.5763888888888888 0.016666666666666666 0.025925925925925925
4 0.26953125 0.18518518518518517 0.013541666666666667 0.025925925925925925
4 0.9606770833333333 0.5569444444444445 0.013020833333333334 0.025
3 0.025520833333333333 0.3592592592592593 0.017708333333333333 0.025925925925925925
3 0.9598958333333333 0.4597222222222222 0.014583333333333334 0.023148148148148147
3 0.21588541666666666 0.1865740740740741 0.015104166666666667 0.023148148148148147
8 0.46145833333333336 0.512962962962963 0.015625 0.020370370370370372
8 0.7625 0.4777777777777778 0.0171875 0.022222222222222223
0 0.9606770833333333 0.5069444444444444 0.015104166666666667 0.019444444444444445
0 0.02578125 0.4074074074074074 0.016145833333333335 0.020370370370370372
8 0.1875 0.1875 0.01875 0.021296296296296296