3 0.96015625 0.4601851851851852 0.015104166666666667 0.024074074074074074
3 0.025520833333333333 0.3587962962962963 0.017708333333333333 0.026851851851851852
8 0.8557291666666667 0.5564814814814815 0.016666666666666666 0.022222222222222223
8 0.81484375 0.5601851851851852 0.0171875 0.022222222222222223
8 0.42994791666666665 0.5125 0.016145833333333335 0.021296296296296296
2 0.8942708333333333 0.028703703703703703 0.0125 0.024074074074074074
2 0.85390625 0.02962962962962963 0.015104166666666667 0.025925925925925925
0 0.96015625 0.5069444444444444 0.015104166666666667 0.019444444444444445
0 0.026302083333333334 0.4074074074074074 0.016145833333333335 0.020370370370370372
5 0.72734375 0.5587962962962963 0.018229166666666668 0.025
7 0.05364583333333333 0.5949074074074074 0.017708333333333333 0.026851851851851852
7 0.10546875 0.043055555555555555 0.015104166666666667 0.025
4 0.9609375 0.5569444444444445 0.0125 0.025
8 0.0078125 0.5430555555555555 0.015625 0.022222222222222223
8 0.24661458333333333 0.5111111111111111 0.0171875 0.022222222222222223
8 0.5708333333333333 0.5555555555555556 0.0171875 0.022222222222222223
4 0.026041666666666668 0.4587962962962963 0.013541666666666667 0.025
3 0.21588541666666666 0.1865740740740741 0.015104166666666667 0.023148148148148147
0 0.24088541666666666 0.18518518518518517 0.015104166666666667 0.018518518518518517
8 0.60546875 0.5592592592592592 0.0171875 0.022222222222222223
8 0.11354166666666667 0.5287037037037037 0.0171875 0.019444444444444445
8 0.13984375 0.5291666666666667 0.020833333333333332 0.016666666666666666