8 0.6145833333333334 0.5555555555555556 0.0171875 0.022222222222222223
0 0.026041666666666668 0.4078703703703704 0.015625 0.019444444444444445
7 0.054427083333333334 0.5967592592592592 0.015104166666666667 0.025
7 0.10598958333333333 0.043055555555555555 0.015104166666666667 0.025
8 0.28229166666666666 0.512962962962963 0.017708333333333333 0.024074074074074074
8 0.15026041666666667 0.5291666666666667 0.019270833333333334 0.017592592592592594
4 0.26953125 0.18518518518518517 0.013541666666666667 0.025925925925925925
3 0.21536458333333333 0.1875 0.015104166666666667 0.023148148148148147
4 0.026822916666666665 0.45787037037037037 0.013020833333333334 0.025
4 0.9606770833333333 0.5564814814814815 0.011979166666666667 0.024074074074074074
5 0.675 0.5115740740740741 0.014583333333333334 0.025
3 0.025520833333333333 0.3587962962962963 0.017708333333333333 0.026851851851851852
3 0.9598958333333333 0.4601851851851852 0.015625 0.024074074074074074
8 0.1875 0.1875 0.01875 0.021296296296296296
8 0.8903645833333333 0.5541666666666667 0.0171875 0.022222222222222223
5 0.8283854166666667 0.5518518518518518 0.016666666666666666 0.025925925925925925
8 0.040364583333333336 0.5393518518518519 0.0171875 0.022222222222222223
8 0.8638020833333333 0.5555555555555556 0.0171875 0.022222222222222223