5 0.16692708333333334 0.49907407407407406 0.013020833333333334 0.024074074074074074
8 0.027083333333333334 0.6087962962962963 0.019791666666666666 0.025
2 0.8802083333333334 0.02962962962962963 0.014583333333333334 0.027777777777777776
2 0.8385416666666666 0.027314814814814816 0.015625 0.026851851851851852
2 0.853125 0.029166666666666667 0.013541666666666667 0.026851851851851852
6 0.07526041666666666 0.37592592592592594 0.03177083333333333 0.21851851851851853
7 0.5427083333333333 0.49537037037037035 0.016666666666666666 0.027777777777777776
1 0.43072916666666666 0.5291666666666667 0.042708333333333334 0.023148148148148147
7 0.6052083333333333 0.49166666666666664 0.016666666666666666 0.027777777777777776
1 0.2916666666666667 0.5078703703703704 0.08645833333333333 0.04351851851851852
1 0.7658854166666667 0.5060185185185185 0.1046875 0.03425925925925926