2 0.89375 0.04259259259259259 0.0125 0.022222222222222223
6 0.8598958333333333 0.40370370370370373 0.0375 0.13703703703703704
3 0.9622395833333334 0.4587962962962963 0.0140625 0.023148148148148147
8 0.5091145833333334 0.513425925925926 0.019270833333333334 0.023148148148148147
3 0.025260416666666667 0.6037037037037037 0.016145833333333335 0.025925925925925925
0 0.026041666666666668 0.6569444444444444 0.015625 0.019444444444444445
6 0.790625 0.42962962962962964 0.03958333333333333 0.17222222222222222
6 0.9653645833333333 0.38796296296296295 0.034895833333333334 0.10185185185185185
7 0.0546875 0.5976851851851852 0.013541666666666667 0.023148148148148147
2 0.8341145833333333 0.03981481481481482 0.011979166666666667 0.020370370370370372
8 0.02421875 0.40879629629629627 0.019270833333333334 0.023148148148148147
7 0.10442708333333334 0.043055555555555555 0.0140625 0.023148148148148147