0 0.24088541666666666 0.18518518518518517 0.015104166666666667 0.018518518518518517
4 0.26953125 0.18518518518518517 0.013541666666666667 0.025925925925925925
5 0.3888020833333333 0.5444444444444444 0.016666666666666666 0.025925925925925925
8 0.8369791666666667 0.4842592592592593 0.01875 0.022222222222222223
8 0.26953125 0.13935185185185187 0.01875 0.021296296296296296
8 0.8604166666666667 0.4791666666666667 0.0171875 0.022222222222222223
5 0.40598958333333335 0.5143518518518518 0.016145833333333335 0.028703703703703703
5 0.08880208333333334 0.6888888888888889 0.016666666666666666 0.025925925925925925
0 0.9609375 0.5078703703703704 0.014583333333333334 0.019444444444444445
8 0.02578125 0.5074074074074074 0.0171875 0.022222222222222223
2 0.8666666666666667 0.030555555555555555 0.014583333333333334 0.025925925925925925
2 0.89453125 0.029166666666666667 0.013020833333333334 0.025
2 0.8395833333333333 0.027777777777777776 0.014583333333333334 0.025925925925925925
7 0.10572916666666667 0.043055555555555555 0.015625 0.025
3 0.9598958333333333 0.45925925925925926 0.014583333333333334 0.024074074074074074
8 0.5950520833333334 0.5125 0.0171875 0.022222222222222223
3 0.21536458333333333 0.1875 0.015104166666666667 0.023148148148148147