3 0.21536458333333333 0.1875 0.015104166666666667 0.023148148148148147
0 0.24088541666666666 0.18518518518518517 0.015104166666666667 0.018518518518518517
4 0.26953125 0.18518518518518517 0.013541666666666667 0.025925925925925925
4 0.26953125 0.18518518518518517 0.013541666666666667 0.025925925925925925
5 0.4 0.4912037037037037 0.016666666666666666 0.025925925925925925
5 0.18671875 0.5370370370370371 0.016666666666666666 0.025925925925925925
5 0.4361979166666667 0.5814814814814815 0.016666666666666666 0.025925925925925925
8 0.4783854166666667 0.6013888888888889 0.0171875 0.022222222222222223
8 0.7283854166666667 0.6023148148148149 0.0171875 0.022222222222222223
8 0.25416666666666665 0.5592592592592592 0.0171875 0.022222222222222223
8 0.17786458333333333 0.5615740740740741 0.0171875 0.022222222222222223
8 0.07005208333333333 0.575462962962963 0.0171875 0.022222222222222223
8 0.12083333333333333 0.5578703703703703 0.0171875 0.022222222222222223
8 0.8875 0.5875 0.0171875 0.022222222222222223
3 0.9596354166666666 0.4597222222222222 0.015104166666666667 0.023148148148148147
4 0.96015625 0.5555555555555556 0.013020833333333334 0.025925925925925925
2 0.8541666666666666 0.03009259259259259 0.014583333333333334 0.026851851851851852
7 0.10572916666666667 0.04259259259259259 0.015625 0.025925925925925925
0 0.9604166666666667 0.5069444444444444 0.014583333333333334 0.019444444444444445