1 0.00703125 0.5050925925925925 0.013020833333333334 0.03888888888888889
4 0.02578125 0.3592592592592593 0.013541666666666667 0.025925925925925925
4 0.9606770833333333 0.5569444444444445 0.013020833333333334 0.026851851851851852
0 0.9611979166666667 0.5069444444444444 0.015104166666666667 0.019444444444444445
3 0.9598958333333333 0.4597222222222222 0.014583333333333334 0.023148148148148147
2 0.8947916666666667 0.02962962962962963 0.013541666666666667 0.025925925925925925
7 0.10546875 0.043055555555555555 0.015104166666666667 0.025
8 0.1921875 0.4689814814814815 0.016666666666666666 0.023148148148148147
8 0.26848958333333334 0.4689814814814815 0.0171875 0.021296296296296296
8 0.5182291666666666 0.5115740740740741 0.017708333333333333 0.023148148148148147
1 0.72265625 0.549074074074074 0.1578125 0.05462962962962963
1 0.47578125 0.5435185185185185 0.1140625 0.04537037037037037
3 0.21536458333333333 0.1875 0.015104166666666667 0.023148148148148147
0 0.24088541666666666 0.18518518518518517 0.015104166666666667 0.018518518518518517
4 0.26953125 0.18518518518518517 0.013541666666666667 0.025925925925925925
5 0.2903645833333333 0.44583333333333336 0.016666666666666666 0.025925925925925925
5 0.45 0.4912037037037037 0.016666666666666666 0.025925925925925925
8 0.49244791666666665 0.513425925925926 0.0171875 0.022222222222222223
8 0.7674479166666667 0.5111111111111111 0.0171875 0.022222222222222223
8 0.26953125 0.13935185185185187 0.01875 0.021296296296296296
8 0.13255208333333332 0.18518518518518517 0.01875 0.021296296296296296