6 0.75 0.37824074074074077 0.035416666666666666 0.27685185185185185
6 0.6442708333333333 0.425 0.03854166666666667 0.18333333333333332
2 0.8934895833333333 0.041666666666666664 0.011979166666666667 0.022222222222222223
4 0.025260416666666667 0.6060185185185185 0.015104166666666667 0.026851851851851852
5 0.9002604166666667 0.34629629629629627 0.013020833333333334 0.025925925925925925
3 0.02578125 0.5574074074074075 0.016145833333333335 0.025925925925925925
8 0.025260416666666667 0.3578703703703704 0.019270833333333334 0.023148148148148147
3 0.9604166666666667 0.4601851851851852 0.015625 0.025925925925925925
6 0.2591145833333333 0.4111111111111111 0.03802083333333333 0.15
6 0.60546875 0.44027777777777777 0.03802083333333333 0.1527777777777778
4 0.96015625 0.5569444444444445 0.013020833333333334 0.026851851851851852
0 0.9609375 0.5069444444444444 0.015625 0.019444444444444445
1 0.31015625 0.5157407407407407 0.033854166666666664 0.04259259259259259