8 0.16953125 0.5236111111111111 0.0171875 0.022222222222222223
8 0.14375 0.5273148148148148 0.0171875 0.022222222222222223
5 0.12005208333333334 0.5050925925925925 0.016666666666666666 0.025925925925925925
5 0.1375 0.5050925925925925 0.016666666666666666 0.025925925925925925
4 0.26953125 0.18518518518518517 0.013541666666666667 0.025925925925925925
0 0.24088541666666666 0.18518518518518517 0.015104166666666667 0.018518518518518517
3 0.21536458333333333 0.1875 0.015104166666666667 0.023148148148148147
1 0.5890625 0.5884259259259259 0.12135416666666667 0.049074074074074076
8 0.13333333333333333 0.1865740740740741 0.01875 0.021296296296296296
8 0.15911458333333334 0.1865740740740741 0.01875 0.021296296296296296
4 0.02578125 0.3592592592592593 0.013541666666666667 0.025925925925925925
0 0.9609375 0.5069444444444444 0.014583333333333334 0.019444444444444445
3 0.9598958333333333 0.4597222222222222 0.014583333333333334 0.023148148148148147
4 0.9609375 0.5564814814814815 0.0125 0.025925925925925925
2 0.8395833333333333 0.027777777777777776 0.014583333333333334 0.025925925925925925
8 0.7283854166666667 0.5726851851851852 0.0171875 0.022222222222222223
8 0.6354166666666666 0.5555555555555556 0.0171875 0.022222222222222223
7 0.10572916666666667 0.043055555555555555 0.015625 0.025