0 0.9609375 0.5069444444444444 0.015625 0.019444444444444445
7 0.10442708333333334 0.043055555555555555 0.0140625 0.023148148148148147
3 0.9596354166666666 0.4597222222222222 0.016145833333333335 0.025
1 0.7763020833333333 0.538425925925926 0.07239583333333334 0.03425925925925926
8 0.5091145833333334 0.513425925925926 0.019270833333333334 0.023148148148148147
4 0.026822916666666665 0.6078703703703704 0.015104166666666667 0.026851851851851852
5 0.97734375 0.4412037037037037 0.018229166666666668 0.023148148148148147
8 0.025260416666666667 0.3578703703703704 0.019270833333333334 0.023148148148148147
5 0.7716145833333333 0.5125 0.0140625 0.023148148148148147
4 0.9598958333333333 0.5574074074074075 0.013541666666666667 0.025925925925925925
1 0.0078125 0.5018518518518519 0.015625 0.04814814814814815