3 0.9598958333333333 0.4597222222222222 0.014583333333333334 0.023148148148148147
8 0.39166666666666666 0.5138888888888888 0.014583333333333334 0.018518518518518517
0 0.9606770833333333 0.5069444444444444 0.015104166666666667 0.019444444444444445
4 0.02578125 0.3592592592592593 0.013541666666666667 0.025925925925925925
2 0.8395833333333333 0.027777777777777776 0.014583333333333334 0.025925925925925925
4 0.9596354166666666 0.5583333333333333 0.011979166666666667 0.027777777777777776
8 0.13333333333333333 0.18888888888888888 0.01875 0.021296296296296296
8 0.625 0.5578703703703703 0.0171875 0.022222222222222223
8 0.4596354166666667 0.5111111111111111 0.0171875 0.022222222222222223
8 0.10963541666666667 0.5393518518518519 0.0171875 0.022222222222222223
8 0.08463541666666667 0.5407407407407407 0.0171875 0.022222222222222223
3 0.21536458333333333 0.1875 0.015104166666666667 0.023148148148148147
8 0.30182291666666666 0.5152777777777777 0.019270833333333334 0.021296296296296296
8 0.8346354166666666 0.5587962962962963 0.019791666666666666 0.021296296296296296
0 0.24088541666666666 0.18518518518518517 0.015104166666666667 0.018518518518518517
4 0.26953125 0.18518518518518517 0.013541666666666667 0.025925925925925925
5 0.05963541666666667 0.49398148148148147 0.016666666666666666 0.025925925925925925
5 0.17213541666666668 0.5060185185185185 0.016666666666666666 0.025925925925925925
5 0.25 0.5087962962962963 0.016666666666666666 0.025925925925925925
5 0.15859375 0.5074074074074074 0.010416666666666666 0.025925925925925925