3 0.21536458333333333 0.1875 0.015104166666666667 0.023148148148148147
0 0.24088541666666666 0.18518518518518517 0.015104166666666667 0.018518518518518517
5 0.34453125 0.4925925925925926 0.016666666666666666 0.025925925925925925
5 0.28619791666666666 0.5208333333333334 0.016666666666666666 0.025925925925925925
5 0.22994791666666667 0.46435185185185185 0.016666666666666666 0.025925925925925925
4 0.26953125 0.18518518518518517 0.013541666666666667 0.025925925925925925
5 0.15729166666666666 0.4324074074074074 0.016666666666666666 0.025925925925925925
2 0.85390625 0.030555555555555555 0.015104166666666667 0.025925925925925925
4 0.02578125 0.3592592592592593 0.013541666666666667 0.025925925925925925
2 0.8395833333333333 0.027777777777777776 0.014583333333333334 0.025925925925925925
4 0.9606770833333333 0.5583333333333333 0.013020833333333334 0.024074074074074074
3 0.9596354166666666 0.4597222222222222 0.015104166666666667 0.023148148148148147
8 0.35885416666666664 0.5143518518518518 0.016666666666666666 0.019444444444444445
0 0.9606770833333333 0.5069444444444444 0.015104166666666667 0.019444444444444445
8 0.18828125 0.18888888888888888 0.01875 0.021296296296296296
8 0.6924479166666667 0.5518518518518518 0.0171875 0.022222222222222223
1 0.46197916666666666 0.5430555555555555 0.29791666666666666 0.04814814814814815
8 0.09244791666666667 0.5421296296296296 0.0171875 0.022222222222222223
8 0.22708333333333333 0.5273148148148148 0.016666666666666666 0.019444444444444445
8 0.39114583333333336 0.5120370370370371 0.015625 0.022222222222222223