2 0.8533854166666667 0.02962962962962963 0.0140625 0.027777777777777776
2 0.8393229166666667 0.027777777777777776 0.015104166666666667 0.027777777777777776
7 0.05520833333333333 0.5981481481481481 0.016666666666666666 0.027777777777777776
0 0.026041666666666668 0.6078703703703704 0.017708333333333333 0.026851851851851852
3 0.026302083333333334 0.5574074074074075 0.016145833333333335 0.025925925925925925
6 0.3072916666666667 0.4222222222222222 0.034375 0.21296296296296297
6 0.08307291666666666 0.46296296296296297 0.025520833333333333 0.12777777777777777
6 0.821875 0.4083333333333333 0.030208333333333334 0.17777777777777778
0 0.94609375 0.5263888888888889 0.015104166666666667 0.019444444444444445
1 0.17578125 0.5314814814814814 0.0203125 0.03333333333333333
4 0.02578125 0.6569444444444444 0.013020833333333334 0.026851851851851852