3 0.026041666666666668 0.5078703703703704 0.0125 0.021296296296296296
2 0.8802083333333334 0.03009259259259259 0.014583333333333334 0.028703703703703703
7 0.05520833333333333 0.5981481481481481 0.016666666666666666 0.027777777777777776
6 0.821875 0.4074074074074074 0.03125 0.17962962962962964
1 0.85390625 0.5217592592592593 0.07864583333333333 0.041666666666666664
7 0.3736979166666667 0.524074074074074 0.0109375 0.025925925925925925
7 0.1328125 0.040740740740740744 0.016666666666666666 0.027777777777777776
0 0.026302083333333334 0.5578703703703703 0.0140625 0.021296296296296296
0 0.9604166666666667 0.5083333333333333 0.014583333333333334 0.020370370370370372
6 0.08072916666666667 0.4638888888888889 0.025 0.12777777777777777
4 0.027083333333333334 0.6046296296296296 0.015625 0.020370370370370372