1 0.0078125 0.5416666666666666 0.015625 0.03333333333333333
5 0.3078125 0.5273148148148148 0.014583333333333334 0.021296296296296296
0 0.9606770833333333 0.5074074074074074 0.015104166666666667 0.020370370370370372
0 0.0265625 0.5078703703703704 0.015625 0.019444444444444445
3 0.96015625 0.4597222222222222 0.016145833333333335 0.025
3 0.026302083333333334 0.4583333333333333 0.016145833333333335 0.025925925925925925
6 0.12708333333333333 0.4361111111111111 0.036458333333333336 0.1814814814814815
1 0.5018229166666667 0.5430555555555555 0.08489583333333334 0.04351851851851852
7 0.13229166666666667 0.040740740740740744 0.016666666666666666 0.027777777777777776
2 0.8658854166666666 0.02962962962962963 0.0140625 0.027777777777777776
2 0.8533854166666667 0.029166666666666667 0.0140625 0.028703703703703703
4 0.02578125 0.5578703703703703 0.013020833333333334 0.026851851851851852
4 0.96015625 0.5574074074074075 0.013020833333333334 0.025925925925925925