0 0.9604166666666667 0.5069444444444444 0.015625 0.019444444444444445
5 0.55078125 0.5120370370370371 0.016145833333333335 0.022222222222222223
5 0.7328125 0.4587962962962963 0.017708333333333333 0.026851851851851852
5 0.6690104166666667 0.4101851851851852 0.016145833333333335 0.022222222222222223
5 0.6606770833333333 0.46944444444444444 0.016145833333333335 0.022222222222222223
5 0.6408854166666667 0.4527777777777778 0.016145833333333335 0.020370370370370372
5 0.7984375 0.48194444444444445 0.015625 0.023148148148148147
5 0.6231770833333333 0.49583333333333335 0.0171875 0.023148148148148147
3 0.9598958333333333 0.4597222222222222 0.015625 0.025
4 0.96015625 0.5574074074074075 0.013020833333333334 0.025925925925925925
5 0.6625 0.5018518518518519 0.019791666666666666 0.022222222222222223
5 0.7294270833333333 0.48518518518518516 0.0234375 0.024074074074074074
5 0.890625 0.5106481481481482 0.014583333333333334 0.026851851851851852