1 0.06666666666666667 0.6310185185185185 0.0265625 0.19537037037037036
6 0.87734375 0.41435185185185186 0.030729166666666665 0.14907407407407408
5 0.30911458333333336 0.45416666666666666 0.0109375 0.01574074074074074
5 0.17057291666666666 0.4263888888888889 0.024479166666666666 0.026851851851851852
5 0.2916666666666667 0.4787037037037037 0.019791666666666666 0.022222222222222223
5 0.21770833333333334 0.4217592592592593 0.017708333333333333 0.025
5 0.24505208333333334 0.4847222222222222 0.021354166666666667 0.025
5 0.2825520833333333 0.45092592592592595 0.0234375 0.02962962962962963
1 0.71015625 0.48564814814814816 0.028645833333333332 0.026851851851851852
2 0.9359375 0.03009259259259259 0.014583333333333334 0.026851851851851852
2 0.8658854166666666 0.02962962962962963 0.0140625 0.027777777777777776
5 0.31692708333333336 0.538425925925926 0.018229166666666668 0.021296296296296296
1 0.8356770833333333 0.5203703703703704 0.043229166666666666 0.02962962962962963