4 0.9604166666666667 0.5564814814814815 0.0125 0.025925925925925925
0 0.24244791666666668 0.1865740740740741 0.014583333333333334 0.019444444444444445
8 0.3958333333333333 0.5273148148148148 0.0171875 0.022222222222222223
8 0.25416666666666665 0.5421296296296296 0.0171875 0.022222222222222223
3 0.21536458333333333 0.1875 0.015104166666666667 0.023148148148148147
4 0.26953125 0.18888888888888888 0.0125 0.025925925925925925
8 0.26953125 0.13935185185185187 0.01875 0.021296296296296296
8 0.8716145833333333 0.5421296296296296 0.0171875 0.022222222222222223
8 0.7458333333333333 0.5578703703703703 0.0171875 0.022222222222222223
8 0.6291666666666667 0.5125 0.0171875 0.022222222222222223
3 0.9596354166666666 0.4601851851851852 0.015104166666666667 0.024074074074074074
2 0.83984375 0.027777777777777776 0.015104166666666667 0.025925925925925925
8 0.6807291666666667 0.5143518518518518 0.017708333333333333 0.021296296296296296
8 0.18671875 0.1865740740740741 0.01875 0.021296296296296296
0 0.9604166666666667 0.5069444444444444 0.014583333333333334 0.019444444444444445