8 0.18671875 0.1865740740740741 0.01875 0.021296296296296296
2 0.8947916666666667 0.02962962962962963 0.013541666666666667 0.025925925925925925
2 0.8395833333333333 0.027777777777777776 0.014583333333333334 0.025925925925925925
0 0.9611979166666667 0.5078703703703704 0.015104166666666667 0.019444444444444445
3 0.9596354166666666 0.45925925925925926 0.015104166666666667 0.024074074074074074
4 0.96015625 0.5569444444444445 0.013020833333333334 0.025
6 0.11744791666666667 0.562037037037037 0.03177083333333333 0.15
3 0.21536458333333333 0.1875 0.015104166666666667 0.023148148148148147
0 0.24166666666666667 0.1865740740740741 0.015104166666666667 0.019444444444444445
4 0.26953125 0.1875 0.013020833333333334 0.025
8 0.5458333333333333 0.5111111111111111 0.017708333333333333 0.019444444444444445
8 0.26875 0.13842592592592592 0.01875 0.021296296296296296
8 0.63046875 0.4962962962962963 0.017708333333333333 0.019444444444444445
5 0.16458333333333333 0.6037037037037037 0.014583333333333334 0.020370370370370372
5 0.08671875 0.649537037037037 0.014583333333333334 0.020370370370370372
8 0.47239583333333335 0.5152777777777777 0.017708333333333333 0.019444444444444445
8 0.8049479166666667 0.48009259259259257 0.017708333333333333 0.019444444444444445
8 0.8716145833333333 0.48009259259259257 0.017708333333333333 0.019444444444444445
8 0.521875 0.512962962962963 0.014583333333333334 0.020370370370370372
5 0.24088541666666666 0.5615740740740741 0.014583333333333334 0.020370370370370372