4 0.96015625 0.5555555555555556 0.013020833333333334 0.025925925925925925
1 0.7515625 0.5546296296296296 0.1375 0.053703703703703705
3 0.9598958333333333 0.45925925925925926 0.015625 0.024074074074074074
4 0.02734375 0.5569444444444445 0.013020833333333334 0.026851851851851852
7 0.5598958333333334 0.5101851851851852 0.016666666666666666 0.027777777777777776
2 0.8802083333333334 0.02962962962962963 0.014583333333333334 0.027777777777777776
7 0.4119791666666667 0.5101851851851852 0.016666666666666666 0.027777777777777776
0 0.026041666666666668 0.5078703703703704 0.015625 0.019444444444444445
6 0.2830729166666667 0.4222222222222222 0.033854166666666664 0.2388888888888889
7 0.05572916666666667 0.5962962962962963 0.016666666666666666 0.027777777777777776
7 0.10572916666666667 0.040740740740740744 0.016666666666666666 0.027777777777777776
0 0.9606770833333333 0.5060185185185185 0.015104166666666667 0.019444444444444445
3 0.02578125 0.45925925925925926 0.016145833333333335 0.025925925925925925