2 0.8947916666666667 0.02962962962962963 0.013541666666666667 0.025925925925925925
5 0.26536458333333335 0.5319444444444444 0.014583333333333334 0.024074074074074074
5 0.18203125 0.5777777777777777 0.014583333333333334 0.024074074074074074
5 0.10208333333333333 0.6097222222222223 0.014583333333333334 0.024074074074074074
3 0.21458333333333332 0.18888888888888888 0.014583333333333334 0.023148148148148147
8 0.6736979166666667 0.49166666666666664 0.0171875 0.024074074074074074
8 0.7825520833333334 0.49212962962962964 0.0140625 0.017592592592592594
7 0.10572916666666667 0.04259259259259259 0.015625 0.025925925925925925
0 0.9604166666666667 0.5064814814814815 0.014583333333333334 0.018518518518518517
4 0.26875 0.1865740740740741 0.013541666666666667 0.025925925925925925
8 0.16119791666666666 0.1875 0.01875 0.021296296296296296
8 0.13411458333333334 0.18518518518518517 0.01875 0.021296296296296296
3 0.9598958333333333 0.4597222222222222 0.014583333333333334 0.023148148148148147
8 0.5653645833333333 0.5050925925925925 0.0171875 0.022222222222222223
8 0.5408854166666667 0.5050925925925925 0.0171875 0.022222222222222223