7 0.023958333333333335 0.18796296296296297 0.015625 0.025925925925925925
2 0.8802083333333334 0.03009259259259259 0.014583333333333334 0.032407407407407406
6 0.009114583333333334 0.4050925925925926 0.015104166666666667 0.23055555555555557
4 0.26067708333333334 0.45185185185185184 0.011979166666666667 0.024074074074074074
7 0.4544270833333333 0.36527777777777776 0.015104166666666667 0.025
2 0.83828125 0.028703703703703703 0.0171875 0.027777777777777776
3 0.259375 0.40879629629629627 0.0125 0.023148148148148147
0 0.28359375 0.40879629629629627 0.015104166666666667 0.019444444444444445
0 0.23619791666666667 0.45046296296296295 0.015104166666666667 0.019444444444444445
4 0.30911458333333336 0.4111111111111111 0.011979166666666667 0.024074074074074074
4 0.96015625 0.5574074074074075 0.0140625 0.024074074074074074
0 0.96015625 0.5078703703703704 0.015104166666666667 0.019444444444444445
1 0.0078125 0.5361111111111111 0.015625 0.02962962962962963
4 0.026041666666666668 0.5111111111111111 0.013541666666666667 0.025925925925925925
4 0.6955729166666667 0.45 0.011979166666666667 0.024074074074074074