7 0.10546875 0.04212962962962963 0.015104166666666667 0.025
8 0.3580729166666667 0.36527777777777776 0.018229166666666668 0.023148148148148147
0 0.9609375 0.5074074074074074 0.015625 0.020370370370370372
0 0.026041666666666668 0.40879629629629627 0.015625 0.019444444444444445
3 0.025260416666666667 0.3592592592592593 0.015104166666666667 0.024074074074074074
0 0.4778645833333333 0.3648148148148148 0.015104166666666667 0.018518518518518517
8 0.5125 0.5097222222222222 0.016145833333333335 0.020370370370370372
4 0.9598958333333333 0.5574074074074075 0.013541666666666667 0.027777777777777776
3 0.9606770833333333 0.45925925925925926 0.016145833333333335 0.025925925925925925
3 0.45364583333333336 0.36574074074074076 0.015625 0.025925925925925925
1 0.47578125 0.5486111111111112 0.21822916666666667 0.053703703703703705
1 0.2981770833333333 0.5583333333333333 0.1328125 0.05277777777777778
6 0.99140625 0.325 0.0171875 0.2388888888888889
7 0.05286458333333333 0.5962962962962963 0.015104166666666667 0.025