2 0.865625 0.029166666666666667 0.014583333333333334 0.026851851851851852
2 0.8385416666666666 0.027314814814814816 0.015625 0.026851851851851852
7 0.0265625 0.6560185185185186 0.014583333333333334 0.023148148148148147
0 0.9596354166666666 0.5064814814814815 0.015104166666666667 0.018518518518518517
2 0.853125 0.029166666666666667 0.013541666666666667 0.026851851851851852
1 0.7270833333333333 0.5513888888888889 0.1 0.03611111111111111
3 0.9598958333333333 0.45925925925925926 0.016666666666666666 0.025925925925925925
6 0.99140625 0.4217592592592593 0.016145833333333335 0.24537037037037038
4 0.96015625 0.5569444444444445 0.013020833333333334 0.026851851851851852
6 0.7984375 0.41898148148148145 0.03229166666666667 0.2490740740740741
1 0.9859375 0.5662037037037037 0.028125 0.03796296296296296