5 0.3333333333333333 0.5787037037037037 0.020833333333333332 0.022222222222222223
2 0.92265625 0.031018518518518518 0.0140625 0.026851851851851852
5 0.2635416666666667 0.5949074074074074 0.011979166666666667 0.012962962962962963
2 0.8942708333333333 0.030555555555555555 0.014583333333333334 0.027777777777777776
2 0.9088541666666666 0.031018518518518518 0.014583333333333334 0.028703703703703703
1 0.7315104166666667 0.5689814814814815 0.022395833333333334 0.032407407407407406
5 0.23802083333333332 0.6041666666666666 0.016666666666666666 0.030555555555555555
5 0.27630208333333334 0.5689814814814815 0.016145833333333335 0.026851851851851852
5 0.31640625 0.5939814814814814 0.0140625 0.023148148148148147
5 0.3221354166666667 0.5606481481481481 0.0203125 0.023148148148148147
5 0.24817708333333333 0.5671296296296297 0.0203125 0.019444444444444445