4 0.9598958333333333 0.5574074074074075 0.013541666666666667 0.025925925925925925
0 0.9609375 0.5074074074074074 0.015625 0.020370370370370372
7 0.10572916666666667 0.043055555555555555 0.014583333333333334 0.025
1 0.05807291666666667 0.5657407407407408 0.024479166666666666 0.024074074074074074
1 0.7494791666666667 0.5032407407407408 0.0625 0.041666666666666664
5 0.4783854166666667 0.5162037037037037 0.018229166666666668 0.023148148148148147
6 0.7645833333333333 0.3560185185185185 0.029166666666666667 0.24537037037037038
7 0.07916666666666666 0.5939814814814814 0.015104166666666667 0.025
6 0.23723958333333334 0.4222222222222222 0.028645833333333332 0.2074074074074074
8 0.44244791666666666 0.5097222222222222 0.019270833333333334 0.023148148148148147
3 0.9606770833333333 0.45925925925925926 0.0140625 0.022222222222222223