5 0.19166666666666668 0.37083333333333335 0.017708333333333333 0.028703703703703703
2 0.9221354166666667 0.030555555555555555 0.0140625 0.027777777777777776
2 0.9489583333333333 0.027314814814814816 0.013541666666666667 0.025
1 0.46979166666666666 0.538425925925926 0.11875 0.03611111111111111
6 0.7229166666666667 0.39861111111111114 0.03229166666666667 0.15092592592592594
6 0.42083333333333334 0.44722222222222224 0.036458333333333336 0.14074074074074075
1 0.6203125 0.5254629629629629 0.05520833333333333 0.028703703703703703
5 0.14739583333333334 0.35648148148148145 0.017708333333333333 0.03518518518518519
5 0.2677083333333333 0.4023148148148148 0.010416666666666666 0.019444444444444445
5 0.24192708333333332 0.4310185185185185 0.022395833333333334 0.026851851851851852
5 0.17578125 0.44675925925925924 0.022395833333333334 0.026851851851851852
5 0.17994791666666668 0.4217592592592593 0.0203125 0.028703703703703703
6 0.8473958333333333 0.3972222222222222 0.017708333333333333 0.11296296296296296
6 0.6244791666666667 0.3912037037037037 0.03333333333333333 0.23425925925925925