5 0.50546875 0.3296296296296296 0.022395833333333334 0.027777777777777776
1 0.47265625 0.6203703703703703 0.21458333333333332 0.028703703703703703
6 0.7752604166666667 0.5532407407407407 0.033854166666666664 0.19166666666666668
4 0.9591145833333333 0.5555555555555556 0.013020833333333334 0.027777777777777776
8 0.36328125 0.6013888888888889 0.018229166666666668 0.021296296296296296
8 0.025260416666666667 0.5560185185185185 0.018229166666666668 0.025
5 0.15520833333333334 0.5078703703703704 0.020833333333333332 0.028703703703703703
3 0.9611979166666667 0.4615740740740741 0.018229166666666668 0.028703703703703703
2 0.9356770833333333 0.030555555555555555 0.0140625 0.027777777777777776
2 0.8661458333333333 0.02962962962962963 0.013541666666666667 0.027777777777777776
2 0.94921875 0.028703703703703703 0.0140625 0.027777777777777776
6 0.8848958333333333 0.6027777777777777 0.023958333333333335 0.1425925925925926