8 0.26328125 0.5138888888888888 0.0171875 0.022222222222222223
0 0.21484375 0.23287037037037037 0.015104166666666667 0.019444444444444445
0 0.9606770833333333 0.5069444444444444 0.015104166666666667 0.019444444444444445
1 0.20494791666666667 0.5125 0.016666666666666666 0.013888888888888888
3 0.1875 0.2361111111111111 0.014583333333333334 0.023148148148148147
5 0.6296875 0.5259259259259259 0.0171875 0.018518518518518517
5 0.4549479166666667 0.5106481481481482 0.011979166666666667 0.018518518518518517
1 0.65859375 0.5388888888888889 0.023958333333333335 0.017592592592592594
5 0.4421875 0.5120370370370371 0.0140625 0.018518518518518517
5 0.06510416666666667 0.49444444444444446 0.016145833333333335 0.021296296296296296
1 0.1078125 0.5120370370370371 0.14270833333333333 0.013888888888888888
1 0.62109375 0.5421296296296296 0.0171875 0.016666666666666666
4 0.9606770833333333 0.5564814814814815 0.013020833333333334 0.025925925925925925
8 0.4661458333333333 0.5120370370370371 0.011458333333333333 0.020370370370370372
8 0.5455729166666666 0.5273148148148148 0.0171875 0.021296296296296296
8 0.3299479166666667 0.513425925925926 0.0171875 0.023148148148148147
5 0.3143229166666667 0.5106481481481482 0.0140625 0.023148148148148147
8 0.4078125 0.512962962962963 0.013020833333333334 0.022222222222222223