1 0.06171875 0.512962962962963 0.016666666666666666 0.01574074074074074
3 0.9598958333333333 0.4597222222222222 0.014583333333333334 0.023148148148148147
1 0.36614583333333334 0.5254629629629629 0.023958333333333335 0.017592592592592594
1 0.4864583333333333 0.5273148148148148 0.0171875 0.017592592592592594
1 0.0984375 0.5125 0.024479166666666666 0.01574074074074074
8 0.7614583333333333 0.48194444444444445 0.01875 0.023148148148148147
8 0.6356770833333333 0.5138888888888888 0.0171875 0.022222222222222223
8 0.5700520833333333 0.5143518518518518 0.0171875 0.021296296296296296
4 0.24140625 0.23425925925925925 0.013020833333333334 0.022222222222222223
4 0.9606770833333333 0.5564814814814815 0.013020833333333334 0.024074074074074074
0 0.21510416666666668 0.23425925925925925 0.016666666666666666 0.020370370370370372
0 0.9606770833333333 0.5069444444444444 0.015104166666666667 0.019444444444444445