4 0.9606770833333333 0.5569444444444445 0.013020833333333334 0.026851851851851852
0 0.21484375 0.2337962962962963 0.016145833333333335 0.019444444444444445
0 0.9611979166666667 0.5069444444444444 0.015104166666666667 0.021296296296296296
5 0.79140625 0.5046296296296297 0.016145833333333335 0.022222222222222223
5 0.76875 0.49166666666666664 0.015625 0.024074074074074074
5 0.5419270833333333 0.4444444444444444 0.016145833333333335 0.027777777777777776
5 0.69765625 0.4 0.016145833333333335 0.025925925925925925
5 0.5911458333333334 0.5041666666666667 0.016666666666666666 0.025
3 0.9604166666666667 0.4587962962962963 0.014583333333333334 0.023148148148148147
3 0.1875 0.2361111111111111 0.014583333333333334 0.023148148148148147
4 0.24192708333333332 0.2351851851851852 0.013020833333333334 0.022222222222222223
1 0.8536458333333333 0.5199074074074074 0.08125 0.013888888888888888