8 0.2234375 0.5291666666666667 0.017708333333333333 0.023148148148148147
8 0.140625 0.5273148148148148 0.016666666666666666 0.021296296296296296
8 0.5236979166666667 0.5138888888888888 0.0171875 0.022222222222222223
8 0.27395833333333336 0.5430555555555555 0.016666666666666666 0.023148148148148147
8 0.44895833333333335 0.5157407407407407 0.016666666666666666 0.022222222222222223
8 0.4825520833333333 0.5143518518518518 0.0171875 0.023148148148148147
4 0.24140625 0.23425925925925925 0.013020833333333334 0.022222222222222223
4 0.9606770833333333 0.5574074074074075 0.013020833333333334 0.025925925925925925
0 0.9606770833333333 0.5069444444444444 0.015104166666666667 0.019444444444444445
0 0.21536458333333333 0.23425925925925925 0.0171875 0.020370370370370372
8 0.8328125 0.5421296296296296 0.017708333333333333 0.023148148148148147
5 0.16848958333333333 0.524074074074074 0.0140625 0.024074074074074074
5 0.29973958333333334 0.5393518518518519 0.015104166666666667 0.023148148148148147
3 0.9598958333333333 0.4597222222222222 0.014583333333333334 0.023148148148148147
8 0.390625 0.5277777777777778 0.016666666666666666 0.022222222222222223
8 0.0984375 0.5259259259259259 0.017708333333333333 0.022222222222222223
8 0.3567708333333333 0.5291666666666667 0.017708333333333333 0.023148148148148147
1 0.7731770833333333 0.5402777777777777 0.0171875 0.017592592592592594
3 0.1875 0.2361111111111111 0.014583333333333334 0.023148148148148147
1 0.6651041666666667 0.5412037037037037 0.16666666666666666 0.013888888888888888
8 0.00625 0.5273148148148148 0.0125 0.019444444444444445