5 0.12786458333333334 0.4486111111111111 0.01875 0.030555555555555555
5 0.9958333333333333 0.6023148148148149 0.008333333333333333 0.026851851851851852
4 0.9606770833333333 0.5564814814814815 0.013020833333333334 0.025925925925925925
5 0.00546875 0.5560185185185185 0.0109375 0.025
5 0.5130208333333334 0.5458333333333333 0.016666666666666666 0.026851851851851852
5 0.7815104166666667 0.5847222222222223 0.016145833333333335 0.025
0 0.21510416666666668 0.23333333333333334 0.016666666666666666 0.018518518518518517
0 0.9606770833333333 0.5069444444444444 0.015104166666666667 0.019444444444444445
1 0.8567708333333334 0.600925925925926 0.023958333333333335 0.017592592592592594
1 0.8182291666666667 0.5986111111111111 0.0171875 0.017592592592592594
1 0.40208333333333335 0.5708333333333333 0.0171875 0.017592592592592594
3 0.1875 0.2361111111111111 0.014583333333333334 0.023148148148148147
4 0.24192708333333332 0.2351851851851852 0.013020833333333334 0.022222222222222223
3 0.96015625 0.4601851851851852 0.015104166666666667 0.024074074074074074
5 0.21796875 0.5555555555555556 0.015104166666666667 0.018518518518518517