4 0.24192708333333332 0.2351851851851852 0.013020833333333334 0.022222222222222223
8 0.8861979166666667 0.5037037037037037 0.0171875 0.020370370370370372
8 0.5372395833333333 0.4930555555555556 0.018229166666666668 0.023148148148148147
8 0.65390625 0.5064814814814815 0.0171875 0.022222222222222223
4 0.9606770833333333 0.5574074074074075 0.013020833333333334 0.025925925925925925
5 0.3572916666666667 0.4759259259259259 0.015625 0.025925925925925925
5 0.15911458333333334 0.4708333333333333 0.016145833333333335 0.025
5 0.22578125 0.4875 0.016145833333333335 0.023148148148148147
0 0.21510416666666668 0.23333333333333334 0.016666666666666666 0.018518518518518517
0 0.9609375 0.5069444444444444 0.014583333333333334 0.019444444444444445
3 0.9598958333333333 0.45925925925925926 0.014583333333333334 0.022222222222222223
1 0.4171875 0.5027777777777778 0.023958333333333335 0.017592592592592594
1 0.6171875 0.5166666666666667 0.023958333333333335 0.017592592592592594
1 0.73671875 0.5175925925925926 0.0171875 0.01574074074074074
1 0.3494791666666667 0.5060185185185185 0.026041666666666668 0.01574074074074074
1 0.31302083333333336 0.5041666666666667 0.016666666666666666 0.01574074074074074
3 0.1875 0.2361111111111111 0.014583333333333334 0.023148148148148147