5 0.77578125 0.5087962962962963 0.016145833333333335 0.023148148148148147
1 0.3690104166666667 0.5148148148148148 0.023958333333333335 0.017592592592592594
1 0.6356770833333333 0.5259259259259259 0.023958333333333335 0.017592592592592594
1 0.4356770833333333 0.5101851851851852 0.023958333333333335 0.017592592592592594
1 0.33125 0.5138888888888888 0.016666666666666666 0.01574074074074074
3 0.1875 0.2361111111111111 0.014583333333333334 0.023148148148148147
4 0.24192708333333332 0.2351851851851852 0.013020833333333334 0.022222222222222223
3 0.9598958333333333 0.4587962962962963 0.014583333333333334 0.023148148148148147
4 0.9606770833333333 0.5564814814814815 0.013020833333333334 0.025925925925925925
0 0.21458333333333332 0.2337962962962963 0.016666666666666666 0.019444444444444445
0 0.9606770833333333 0.5069444444444444 0.015104166666666667 0.019444444444444445