1 0.5963541666666666 0.5231481481481481 0.023958333333333335 0.017592592592592594
1 0.6630208333333333 0.524537037037037 0.023958333333333335 0.017592592592592594
5 0.7736979166666667 0.5111111111111111 0.0109375 0.024074074074074074
1 0.5606770833333333 0.525 0.0171875 0.01574074074074074
8 0.48515625 0.5125 0.016145833333333335 0.021296296296296296
8 0.40130208333333334 0.49953703703703706 0.0171875 0.023148148148148147
8 0.2015625 0.49907407407407406 0.015625 0.020370370370370372
4 0.9606770833333333 0.5569444444444445 0.013020833333333334 0.025
3 0.9598958333333333 0.4597222222222222 0.014583333333333334 0.023148148148148147
5 0.23020833333333332 0.49537037037037035 0.015625 0.022222222222222223
0 0.9606770833333333 0.5069444444444444 0.015104166666666667 0.019444444444444445
8 0.34322916666666664 0.49953703703703706 0.016666666666666666 0.021296296296296296
3 0.1875 0.2361111111111111 0.014583333333333334 0.023148148148148147
8 0.26796875 0.49953703703703706 0.0171875 0.023148148148148147
4 0.24192708333333332 0.2351851851851852 0.013020833333333334 0.022222222222222223