5 0.08515625 0.49583333333333335 0.015104166666666667 0.019444444444444445
3 0.96015625 0.4597222222222222 0.015104166666666667 0.023148148148148147
0 0.9606770833333333 0.5069444444444444 0.015104166666666667 0.019444444444444445
0 0.21510416666666668 0.23333333333333334 0.016666666666666666 0.020370370370370372
8 0.52890625 0.5296296296296297 0.018229166666666668 0.024074074074074074
8 0.38697916666666665 0.5143518518518518 0.016666666666666666 0.021296296296296296
5 0.68984375 0.5263888888888889 0.016145833333333335 0.023148148148148147
5 0.36640625 0.5097222222222222 0.0140625 0.023148148148148147
5 0.734375 0.524537037037037 0.015625 0.023148148148148147
5 0.43776041666666665 0.4949074074074074 0.016145833333333335 0.025
5 0.1109375 0.43194444444444446 0.015625 0.023148148148148147
4 0.9611979166666667 0.5569444444444445 0.013020833333333334 0.025
1 0.00703125 0.5125 0.013020833333333334 0.019444444444444445
5 0.14557291666666666 0.49675925925925923 0.013541666666666667 0.017592592592592594
5 0.8361979166666667 0.5125 0.013541666666666667 0.016666666666666666
8 0.8291666666666667 0.5291666666666667 0.017708333333333333 0.016666666666666666
8 0.44583333333333336 0.5125 0.016666666666666666 0.016666666666666666
5 0.25364583333333335 0.4949074074074074 0.015104166666666667 0.018518518518518517
8 0.24557291666666667 0.5138888888888888 0.016666666666666666 0.019444444444444445
4 0.24192708333333332 0.2351851851851852 0.013020833333333334 0.022222222222222223
3 0.1875 0.2361111111111111 0.014583333333333334 0.023148148148148147
1 0.1875 0.5120370370370371 0.016666666666666666 0.01574074074074074
1 0.6044270833333333 0.5412037037037037 0.0171875 0.01574074074074074
1 0.7078125 0.5412037037037037 0.023958333333333335 0.012962962962962963