3 0.1875 0.2361111111111111 0.014583333333333334 0.023148148148148147
1 0.13567708333333334 0.49722222222222223 0.016666666666666666 0.01574074074074074
8 0.19453125 0.49722222222222223 0.018229166666666668 0.020370370370370372
1 0.5528645833333333 0.5273148148148148 0.0171875 0.01574074074074074
1 0.5893229166666667 0.5273148148148148 0.023958333333333335 0.017592592592592594
8 0.26145833333333335 0.49907407407407406 0.017708333333333333 0.022222222222222223
8 0.33567708333333335 0.4986111111111111 0.016145833333333335 0.023148148148148147
8 0.7786458333333334 0.5138888888888888 0.01875 0.024074074074074074
0 0.21484375 0.23287037037037037 0.015104166666666667 0.019444444444444445
0 0.9606770833333333 0.5069444444444444 0.015104166666666667 0.019444444444444445
5 0.2890625 0.4935185185185185 0.015625 0.024074074074074074
5 0.8122395833333333 0.5101851851851852 0.0171875 0.024074074074074074
5 0.8778645833333333 0.48194444444444445 0.016145833333333335 0.026851851851851852
3 0.9598958333333333 0.4597222222222222 0.014583333333333334 0.023148148148148147
1 0.07395833333333333 0.4981481481481482 0.075 0.013888888888888888
5 0.03463541666666667 0.48194444444444445 0.015104166666666667 0.020370370370370372
8 0.89375 0.5277777777777778 0.016666666666666666 0.018518518518518517
4 0.2421875 0.23425925925925925 0.013020833333333334 0.022222222222222223