4 0.9604166666666667 0.5564814814814815 0.0125 0.024074074074074074
1 0.14270833333333333 0.5120370370370371 0.16666666666666666 0.013888888888888888
5 0.14817708333333332 0.49583333333333335 0.015104166666666667 0.020370370370370372
8 0.8924479166666667 0.5263888888888889 0.016666666666666666 0.019444444444444445
8 0.04244791666666667 0.4976851851851852 0.016666666666666666 0.016666666666666666
4 0.2421875 0.23472222222222222 0.013020833333333334 0.022222222222222223
1 0.7716145833333333 0.5430555555555555 0.025 0.01574074074074074
1 0.2518229166666667 0.5106481481481482 0.0171875 0.01574074074074074
1 0.66796875 0.5398148148148149 0.0171875 0.01574074074074074
5 0.06875 0.4962962962962963 0.015625 0.018518518518518517
8 0.5924479166666666 0.5282407407407408 0.0171875 0.021296296296296296
3 0.9598958333333333 0.4597222222222222 0.014583333333333334 0.023148148148148147
8 0.4510416666666667 0.513425925925926 0.015625 0.019444444444444445
5 0.4609375 0.48657407407407405 0.015625 0.025
8 0.30963541666666666 0.513425925925926 0.0171875 0.023148148148148147
8 0.3763020833333333 0.5148148148148148 0.0171875 0.022222222222222223
0 0.21484375 0.2337962962962963 0.0171875 0.019444444444444445