3 0.18802083333333333 0.2361111111111111 0.014583333333333334 0.023148148148148147
8 0.13880208333333333 0.4976851851851852 0.0171875 0.01574074074074074
8 0.58046875 0.5143518518518518 0.018229166666666668 0.023148148148148147
8 0.86484375 0.5268518518518519 0.0171875 0.022222222222222223
8 0.06458333333333334 0.4981481481481482 0.017708333333333333 0.022222222222222223
8 0.19765625 0.49907407407407406 0.0171875 0.024074074074074074
5 0.52890625 0.524074074074074 0.015104166666666667 0.022222222222222223
5 0.2526041666666667 0.49537037037037035 0.016666666666666666 0.024074074074074074
5 0.6705729166666666 0.524537037037037 0.0140625 0.021296296296296296
5 0.3302083333333333 0.4976851851851852 0.015625 0.023148148148148147
0 0.21510416666666668 0.23333333333333334 0.016666666666666666 0.020370370370370372
0 0.9606770833333333 0.5069444444444444 0.015104166666666667 0.019444444444444445
3 0.9598958333333333 0.4597222222222222 0.014583333333333334 0.023148148148148147
5 0.37421875 0.5101851851851852 0.015104166666666667 0.020370370370370372
5 0.3966145833333333 0.5115740740740741 0.015104166666666667 0.020370370370370372
4 0.2421875 0.23472222222222222 0.013020833333333334 0.022222222222222223
1 0.46015625 0.5254629629629629 0.025 0.01574074074074074
1 0.35625 0.5277777777777778 0.0171875 0.01574074074074074