6 0.3489583333333333 0.4634259259259259 0.036458333333333336 0.13425925925925927
1 0.50546875 0.5398148148148149 0.08385416666666666 0.040740740740740744
4 0.02578125 0.5597222222222222 0.013020833333333334 0.026851851851851852
7 0.05520833333333333 0.5981481481481481 0.016666666666666666 0.027777777777777776
3 0.026302083333333334 0.4583333333333333 0.016145833333333335 0.025925925925925925
0 0.0265625 0.5078703703703704 0.015625 0.019444444444444445
0 0.9606770833333333 0.5069444444444444 0.015104166666666667 0.019444444444444445
4 0.9604166666666667 0.5574074074074075 0.013541666666666667 0.025925925925925925
3 0.9591145833333333 0.4597222222222222 0.016145833333333335 0.025
1 0.10078125 0.5504629629629629 0.1296875 0.04351851851851852
1 0.7856770833333333 0.5268518518518519 0.0671875 0.03148148148148148
6 0.1296875 0.43703703703703706 0.0375 0.1814814814814815