3 0.9598958333333333 0.4597222222222222 0.014583333333333334 0.023148148148148147
0 0.9609375 0.5069444444444444 0.015625 0.019444444444444445
5 0.44635416666666666 0.4236111111111111 0.016666666666666666 0.026851851851851852
5 0.43515625 0.5037037037037037 0.013020833333333334 0.018518518518518517
8 0.14166666666666666 0.4842592592592593 0.017708333333333333 0.022222222222222223
8 0.09973958333333334 0.48194444444444445 0.016145833333333335 0.021296296296296296
1 0.39166666666666666 0.5120370370370371 0.016666666666666666 0.01574074074074074
1 0.8455729166666667 0.5407407407407407 0.025 0.01574074074074074
1 0.8078125 0.5425925925925926 0.015625 0.01574074074074074
3 0.18802083333333333 0.2361111111111111 0.014583333333333334 0.023148148148148147
5 0.2703125 0.49583333333333335 0.013020833333333334 0.018518518518518517
8 0.45 0.512962962962963 0.016666666666666666 0.022222222222222223
8 0.06692708333333333 0.48009259259259257 0.0171875 0.021296296296296296
8 0.00703125 0.49953703703703706 0.013020833333333334 0.025
8 0.7333333333333333 0.5287037037037037 0.016666666666666666 0.022222222222222223
8 0.6494791666666667 0.5143518518518518 0.016666666666666666 0.021296296296296296
8 0.18385416666666668 0.4976851851851852 0.017708333333333333 0.023148148148148147
4 0.9611979166666667 0.5574074074074075 0.013020833333333334 0.025925925925925925
8 0.59140625 0.5148148148148148 0.016145833333333335 0.022222222222222223