4 0.2421875 0.23472222222222222 0.013020833333333334 0.022222222222222223
3 0.9598958333333333 0.4597222222222222 0.014583333333333334 0.023148148148148147
5 0.09765625 0.40555555555555556 0.018229166666666668 0.025925925925925925
0 0.9606770833333333 0.5069444444444444 0.015104166666666667 0.019444444444444445
0 0.21484375 0.23287037037037037 0.015104166666666667 0.019444444444444445
8 0.16145833333333334 0.4981481481481482 0.017708333333333333 0.022222222222222223
8 0.628125 0.5143518518518518 0.016666666666666666 0.021296296296296296
8 0.7111979166666667 0.5291666666666667 0.0171875 0.021296296296296296
8 0.11901041666666666 0.4842592592592593 0.0171875 0.022222222222222223
1 0.3692708333333333 0.5125 0.016666666666666666 0.01574074074074074
1 0.82421875 0.5416666666666666 0.025 0.01574074074074074
1 0.8864583333333333 0.538425925925926 0.016145833333333335 0.01574074074074074
1 0.7856770833333333 0.5412037037037037 0.016145833333333335 0.01574074074074074
8 0.49453125 0.5120370370370371 0.017708333333333333 0.018518518518518517
8 0.5697916666666667 0.5148148148148148 0.017708333333333333 0.024074074074074074
8 0.07838541666666667 0.48194444444444445 0.016145833333333335 0.021296296296296296
1 0.2604166666666667 0.5120370370370371 0.16666666666666666 0.013888888888888888
5 0.31328125 0.49583333333333335 0.015104166666666667 0.017592592592592594
5 0.9760416666666667 0.5509259259259259 0.011979166666666667 0.020370370370370372
3 0.18802083333333333 0.2361111111111111 0.014583333333333334 0.023148148148148147
4 0.9606770833333333 0.5564814814814815 0.013020833333333334 0.025925925925925925