7 0.5583333333333333 0.5064814814814815 0.016666666666666666 0.027777777777777776
7 0.05572916666666667 0.5962962962962963 0.016666666666666666 0.027777777777777776
0 0.9604166666666667 0.5060185185185185 0.015625 0.019444444444444445
0 0.02578125 0.5550925925925926 0.0140625 0.021296296296296296
3 0.9596354166666666 0.4597222222222222 0.016145833333333335 0.025
3 0.025260416666666667 0.5064814814814815 0.013020833333333334 0.022222222222222223
8 0.52109375 0.5115740740740741 0.019270833333333334 0.023148148148148147
8 0.33359375 0.36712962962962964 0.019270833333333334 0.023148148148148147
3 0.42942708333333335 0.362962962962963 0.016145833333333335 0.025925925925925925
0 0.45208333333333334 0.36435185185185187 0.015625 0.019444444444444445
4 0.026302083333333334 0.6060185185185185 0.015104166666666667 0.026851851851851852
4 0.47734375 0.36527777777777776 0.013020833333333334 0.026851851851851852
2 0.8802083333333334 0.03009259259259259 0.014583333333333334 0.028703703703703703