1 0.7263020833333333 0.5407407407407407 0.025 0.01574074074074074
1 0.6885416666666667 0.5407407407407407 0.016145833333333335 0.01574074074074074
8 0.5302083333333333 0.5162037037037037 0.017708333333333333 0.025
3 0.9598958333333333 0.4597222222222222 0.014583333333333334 0.023148148148148147
0 0.21458333333333332 0.23287037037037037 0.015625 0.019444444444444445
8 0.0640625 0.49675925925925923 0.017708333333333333 0.021296296296296296
8 0.3299479166666667 0.5143518518518518 0.016145833333333335 0.023148148148148147
8 0.39739583333333334 0.5143518518518518 0.017708333333333333 0.023148148148148147
5 0.06953125 0.42407407407407405 0.0171875 0.025925925925925925
4 0.9611979166666667 0.5574074074074075 0.013020833333333334 0.025925925925925925
1 0.2716145833333333 0.5125 0.015104166666666667 0.01574074074074074
5 0.79375 0.5259259259259259 0.015104166666666667 0.020370370370370372
4 0.2421875 0.23472222222222222 0.013020833333333334 0.022222222222222223
5 0.77421875 0.525 0.015104166666666667 0.020370370370370372
3 0.18776041666666668 0.23703703703703705 0.014583333333333334 0.023148148148148147